101.38 27.60 10 -0.65 -1.43 2.07 0.35 -0.31 -0.78 24 X Y 020280A        
98.51 25.61 10 -5.88 -1.33 7.21 -6.43 -1.60 -0.07 23 X Y 081481A        
97.02 25.53 37 0.47 3.60 -4.08 -0.07 -2.47 2.17 23 X Y 081681B        
99.71 21.12 16 1.66 -3.65 1.99 -0.39 2.83 4.71 23 X Y 091281A        
101.54 22.84 10 0.20 -1.29 1.09 -0.61 -0.04 0.25 24 X Y 091981A        
102.36 21.97 10 -0.34 -1.59 1.93 -0.40 0.67 0.27 24 X Y 060182B        
100.27 26.59 10 -6.76 -1.02 7.78 -1.42 5.78 -2.26 23 X Y 070382B        
99.61 25.69 10 -4.46 -1.07 5.53 1.03 -5.87 -2.65 23 X Y 100882A        
105.85 23.97 10 1.54 -7.65 6.11 -1.60 1.23 -3.31 23 X Y 102782B        
103.67 21.85 10 -0.21 -1.57 1.77 -1.03 0.53 -1.99 25 X Y 062483A        
103.29 21.93 15 -1.70 -7.72 9.42 -0.96 3.57 -4.04 23 X Y 071583B        
99.62 21.79 17 0.20 -2.60 2.39 1.90 3.87 7.63 24 X Y 042384C        
102.64 25.39 10 -0.93 -0.65 1.58 -0.59 -2.49 -4.00 24 X Y 041885B        
98.23 25.29 61 0.02 0.97 -0.99 0.91 -0.11 1.69 24 X Y 090585E        
101.02 25.45 15 -7.75 0.05 7.70 -1.69 7.32 -3.67 23 X Y 031386B        
101.20 29.15 15 -3.44 7.83 -4.39 6.35 -6.48 3.57 23 X Y 080686C        
99.68 23.00 15 0.11 -2.92 2.81 0.50 0.67 2.12 26 X Y 110688B        
99.42 23.38 15 5.00 0.75 -5.76 4.31 2.45 4.19 23 X Y 110788A        
99.23 22.80 15 1.52 -8.60 7.08 3.51 0.80 5.61 23 X Y 111588B        
100.17 22.70 15 0.12 -1.22 1.11 0.14 1.15 1.08 24 X Y 112788B        
99.54 22.15 15 0.02 -0.66 0.65 -0.39 -0.01 1.28 25 X Y 113088A        
98.30 21.61 58 0.26 -3.05 2.79 0.40 1.12 4.00 24 X Y 030189B        
99.65 23.46 15 0.42 -2.52 2.10 0.50 0.79 2.16 24 X Y 050789A        
102.61 20.61 15 -0.54 -1.79 2.32 -1.09 0.38 -1.55 24 X Y 061689C        
98.97 22.54 15 -0.04 -0.35 0.38 0.41 -0.29 1.46 25 X Y 042392D        
98.85 22.40 15 0.04 -0.98 0.95 0.82 -0.10 1.47 25 X Y 042392E        
100.88 22.86 24 0.20 -3.07 2.86 -0.57 0.16 0.56 24 X Y 012693F        
99.82 27.42 15 -1.00 0.83 0.17 0.81 0.06 -0.58 24 X Y 071793B        
101.80 25.63 33 0.73 -6.10 5.37 0.81 -2.48 -4.11 23 X Y 081493B        
97.40 24.80 15 -1.19 1.20 -0.01 1.02 -0.17 -0.30 25 X Y 011194A        
97.05 25.62 15 1.84 -1.39 -0.45 3.39 4.53 4.73 24 X Y 040694D        
103.59 28.80 33 3.32 3.09 -6.41 2.04 -0.88 -0.44 23 X Y 122994C        
103.16 22.88 33 -1.71 -2.19 3.90 -0.74 -0.94 -7.10 23 X Y 042495B        
99.28 21.92 15 -0.43 -5.26 5.69 -0.68 3.15 4.10 24 X Y 070995D        
99.22 21.89 15 -0.09 -1.59 1.68 -0.04 0.17 0.97 26 X Y 071195A        
102.54 25.87 15 -0.38 -0.80 1.18 -0.53 -0.10 -1.85 25 X Y 102395C        
100.28 27.15 15 -8.62 -0.10 8.72 -3.06 2.96 -2.35 25 X Y 020396B        
100.38 26.84 15 -2.18 -0.31 2.49 -0.18 1.05 -0.22 24 X Y 020496C        
100.12 27.52 15 -1.01 -0.51 1.51 -1.08 -0.29 -0.57 24 X Y 020696A        
100.70 27.18 15 -1.78 0.45 1.33 -0.06 0.34 -1.10 24 X Y 092496E        
100.55 27.14 15 -3.36 0.12 3.24 0.31 -4.49 -1.03 23 X Y 102397B        
101.52 27.45 15 -7.29 2.69 4.60 -5.02 9.16 -1.36 23 X Y 100298C        
101.47 27.25 15 0.08 -2.38 2.30 -0.72 -0.12 -1.11 24 X Y 111998B        
101.28 25.34 33 -0.19 -1.35 1.54 -0.39 0.15 -1.18 24 X Y 011400D        
101.40 25.39 33 -0.60 -6.29 6.89 -1.85 0.12 -4.73 24 X Y 011400F        
97.15 26.70 37 2.21 -0.58 -1.63 0.25 -2.08 2.49 25 X Y 060700C        
97.41 26.43 19 3.91 -0.93 -2.98 -1.19 2.45 4.11 23 X Y 060800J        
97.13 24.18 73 0.20 -1.54 1.35 -0.09 -0.48 0.57 24 X Y 100600B        
101.32 29.44 33 -2.22 3.19 -0.97 1.13 0.44 0.69 24 X Y 022301A        
98.81 24.77 15 -1.32 -1.44 2.76 -1.32 0.53 1.61 24 X Y 041201C        
101.11 27.53 33 -0.54 -0.19 0.74 -0.07 -0.01 -1.71 24 X Y 052301C        
101.25 24.89 33 -0.05 -4.71 4.76 2.09 -3.63 1.19 23 X Y 070901C        
101.01 26.36 15 -0.41 -2.03 2.45 -0.58 0.81 -0.88 24 X Y 102701A        
101.32 25.98 15 -0.01 -0.54 0.55 0.17 0.03 -0.64 25 X Y 072103D        
101.52 25.89 33 -0.38 -1.53 1.91 -0.10 -0.00 -2.31 24 X Y 101603A        
103.21 27.68 15 -0.47 1.44 -0.97 -0.83 2.06 -1.04 24 X Y 111403H        
103.78 27.16 15 -0.15 0.98 -0.83 0.11 0.00 -0.79 24 X Y 081004G        
103.19 26.46 27 -0.33 0.66 -0.33 -0.20 0.19 -0.69 24 X Y 200508051414A  
104.31 28.00 17 2.90 0.79 -3.68 -1.26 -0.04 -2.49 23 X Y 200608250551A  
100.89 20.52 13 -0.23 -3.03 3.25 0.35 0.40 1.04 25 X Y 200705160856A  
101.13 23.02 12 0.94 -1.85 0.91 -0.28 -0.22 0.84 25 X Y 200706022134A  
100.00 21.49 16 -0.55 -2.49 3.04 0.20 0.86 1.64 24 X Y 200706230817A  
99.93 21.46 18 -0.64 -0.85 1.48 0.46 0.41 0.82 24 X Y 200706230827A  
97.81 24.54 18 -1.08 -1.77 2.85 0.81 0.53 5.51 23 X Y 200803211237A  
98.03 25.09 19 -3.36 1.16 2.20 1.24 -0.01 2.34 23 X Y 200808192135A  
97.99 24.92 18 -0.07 0.36 -0.28 0.24 0.05 1.25 25 X Y 200808211224A  
102.04 26.19 24 0.02 -0.37 0.35 -0.01 -0.07 -1.03 25 X Y 200808300830A  
102.01 26.16 25 -0.08 -0.97 1.05 -0.66 -0.18 -2.39 24 X Y 200808310831A  
98.02 24.84 18 -0.62 1.09 -0.47 -0.14 -0.35 3.53 23 X Y 200809030627A  
101.17 25.52 15 -0.41 -3.52 3.93 0.51 -0.04 -3.42 24 X Y 200907091119A  
101.10 25.54 15 0.61 -4.75 4.14 -0.56 0.63 -4.93 23 X Y 200907100902A  
102.04 25.40 25 -0.75 -2.98 3.73 -1.80 -0.52 -5.88 23 X Y 201002250456A  
97.98 24.64 15 0.35 -1.68 1.33 -0.09 0.33 1.18 24 X Y 201103100458A  
100.02 20.62 13 0.11 -1.50 1.39 0.34 0.32 1.67 26 X Y 201103241355A  
99.90 20.61 14 0.13 -1.52 1.39 1.07 1.13 3.41 24 X Y 201103241554A  
99.95 20.60 12 -0.24 1.55 -1.31 2.54 1.21 3.04 23 X Y 201103250022A  
100.29 20.68 15 -0.77 -2.78 3.54 0.09 -0.83 1.26 23 X Y 201103260557A  
98.80 25.00 16 2.90 -5.45 2.55 0.17 -0.05 0.99 23 X Y 201106201016A  
98.73 24.98 20 -0.45 -3.48 3.93 0.01 -0.48 4.83 23 X Y 201108091150A  
97.67 25.09 18 -0.12 4.31 -4.19 0.96 -0.65 5.27 23 X Y 201111281506A  
100.75 27.72 12 -2.24 0.05 2.19 0.80 0.79 -1.22 24 X Y 201206240759A  
104.12 27.47 12 1.70 0.69 -2.39 -0.97 -0.23 -1.78 24 X Y 201209070319A  
104.19 27.47 12 0.46 0.55 -1.02 -0.38 0.30 -0.46 24 X Y 201209070416A  
99.84 25.94 12 -1.27 -0.19 1.46 0.28 0.27 -0.22 24 X Y 201303030541A  
99.91 26.14 21 -0.99 0.08 0.91 1.01 0.05 -0.03 24 X Y 201304170146A  
99.50 28.14 12 -5.58 7.05 -1.47 0.09 -2.70 -0.01 23 X Y 201308272044A  
99.40 28.15 13 -4.14 4.43 -0.29 0.46 -0.31 -0.91 24 X Y 201308310004A  
99.29 28.20 24 -4.70 3.18 1.52 1.06 0.93 -1.35 23 X Y 201308310027A  
97.90 24.96 20 -0.31 -3.67 3.98 0.28 0.35 2.95 24 X Y 201405232049A  
97.90 24.93 15 -0.73 -2.13 2.86 0.78 1.97 8.40 24 X Y 201405300120A  
103.50 27.06 15 -0.02 1.31 -1.29 -0.06 -0.36 -1.64 25 X Y 201408030830A  
103.67 28.06 22 -0.48 5.56 -5.07 -1.31 -0.39 -0.23 23 X Y 201408162207A  
102.87 28.31 25 1.18 3.01 -4.20 -2.09 3.11 -6.93 23 X Y 201410010123A  
100.54 23.38 12 -0.03 -1.61 1.64 0.16 0.33 0.90 25 X Y 201410071349A  
100.59 23.28 12 -0.08 -1.27 1.35 0.42 1.22 2.78 24 X Y 201412051843A  
100.58 23.30 15 -0.12 -1.48 1.60 0.72 0.71 1.92 24 X Y 201412061020A  
99.04 23.49 18 0.03 -0.63 0.60 0.00 0.44 0.60 24 X Y 201503011024A  
99.64 26.07 19 -0.73 -2.72 3.44 -0.16 0.45 -3.00 23 X Y 201605171648A  
103.54 27.00 22 1.21 2.31 -3.52 -0.73 0.12 -3.64 23 X Y 201702081111A  
99.82 25.75 23 0.08 -4.24 4.16 0.25 0.25 0.91 23 X Y 201703262340A  
99.84 25.82 20 0.08 -5.05 4.97 0.26 0.36 0.52 23 X Y 201703262355A  
102.82 24.22 18 0.08 -3.56 3.49 2.67 -1.37 -4.13 23 X Y 201808121744A  
101.64 23.24 14 -0.16 -3.45 3.61 -0.44 -0.47 -1.13 24 X Y 201809080231A  
102.18 27.71 29 0.01 -0.35 0.35 0.41 -0.13 -4.05 23 X Y 201810310829A 
