0.0943989450288
0.199292240399
0.107197589316
0.0175947432821
0.242502537187
0.304955639591
-0.311668505405
0.144307863376
0.306065774072
-0.0569900134105
0.0383911916263
0.0971867715817
0.0659533306177
0.260848631944
-0.116076232696
0.418928280827
0.121005882851
0.0893546891912
-0.377469452097
-0.0210662150084
-0.183707207758
0.146004436043
0.392002693765
0.351721339248
0.0217982594955
-0.165654504225
0.279043691849
0.188894121362
0.091256971439
-0.0414820733724
0.202490264933
-0.182558960246
0.337906555509
-0.158494219995
0.52305456653
-0.108420581812
-0.151279703321
-0.221451873854
-0.0485701713743
-0.00406517205938
0.0142088303044
-0.119343977508
0.114128636174
0.242785409028
0.190131301392
0.277983619154
0.270750092848
-0.0727136303202
0.189136193961
0.326873435587
-0.102962741298
-0.0593422243204
0.305774972283
0.0852885869835
-0.123429395029
-0.143711822252
-0.406804525118
-0.02940229077
-0.0640071345134
0.117192812781
0.0133358713127
0.154217361041
0.163016290982
0.19214212155
0.00112275363758
0.572157112892
-0.342434048948
-0.325103314447
-0.375951304821
0.358946080126
-0.129970268014
0.369589038472
0.181997785647
-0.181134401636
0.0363085747236
0.0851208659287
0.0590785068718
-0.0707639807545
0.603842586196
-0.165745249056
-0.230578691369
0.342409318186
0.0224461832786
0.214706796054
0.437715148224
0.158314366824
0.0786825854293
-0.030641663088
-0.319680550391
0.133804622436
-0.137617447236
-0.173745057796
0.204200013956
0.272173747939
-0.298232164098
0.104584605813
0.0406069294666
0.0942281245414
0.339556021837
0.442594148813
0.269367100561
0.102585297395
0.0963971619658
0.0702289137132
0.156720382571
0.256075046425
0.485978624122
-0.334857457618
0.0310415232664
0.0217025728087
0.206879254453
0.142387359073
-0.281512149335
0.45403355238
-0.142166773633
0.323182924319
0.151550941998
0.267777881525
-0.0333190967676
-0.0506129007326
0.261860172864
0.286014441073
0.379386035842
0.176824414341
-0.00589441209261
0.103202696205
0.180257572823
0.114455357638
0.332712477578
0.272576121297
-0.319449788021
0.166364766419
-0.270695082252
0.00858659492527
-0.231165005035
0.216131283206
0.511074941274
-0.244909336853
-0.330512473852
0.313552726614
-0.0385310650658
0.142976847279
0.17900462079
-0.288480784344
0.261668334693
0.281629771485
0.187321642753
0.391686094481
-0.0298667933158
0.016945506915
0.152868714694
-0.0352769556646
0.516627576035
0.0867822793269
0.181977906754
-0.277315595239
0.229072898401
0.0352598803196
0.276643970954
-0.0291223725357
0.424173401591
0.208685955941
-0.147047584965
-0.0116618960198
0.233849506347
0.339611118594
0.0679917327474
0.317955240659
0.193389336351
0.224511275557
0.459853873439
0.0351544846718
-0.264728549916
0.249457117719
-0.175985242346
0.109891295486
-0.0489166536905
-0.119599305984
-0.0686051252257
-0.262582140636
-0.0409797751551
-0.0713420177374
-0.0593904896166
0.149717532246
0.113182653448
0.279915670863
-0.254583102948
-0.251417632618
0.436031567535
0.178851846761
-0.173862997513
-0.161072770458
0.19136923975
0.318172243683
-0.167659889017
-0.230670046096
-0.196452019111
0.111431767261
-0.0061195350844
-0.0685660442986
0.189054314534
-0.4042457382
0.172219079979
0.0436661132844
0.139454935043
0.119909235741
-0.215377527563
0.529936865484
0.129008119543
-0.119907038737
0.137248142953
-0.0700477096741
0.406461073122
-0.0750084415419
-0.177332028746
-0.0695482971896
0.226285987999
0.067080643395
0.130733483069
0.0858851395539
0.119242572865
0.322361081168
-0.306866464676
0.169231157214
-0.0967667120659
-0.100261003931
0.0834924275653
-0.204863144742
0.313593921807
-0.140664865229
0.279458629898
0.165081635147
0.381702009452
0.106667688519
-0.188027005159
0.142350411955
-0.142044271476
0.432849930341
-0.194458801159
0.306989948324
-0.441380689347
-0.26119931645
-0.182110432345
0.13752491413
0.157918022419
0.133958394878
-0.229886730026
0.480197433758
-0.0466033925331
0.107438968268
-0.108658231976
0.0813425707416
0.0160876662676
0.0148767016459
-0.00518257144014
-0.0751219698701
0.166514161491
0.0688839769034
0.221213236107
0.342294928257
-0.149477987969
0.277822492392
0.22333093818
-0.196350126869
-0.109070006231
0.254584468229
0.416515563387
-0.207585538115
0.229922581607
0.0225294083684
0.0771583684503
-0.152449765811
0.0533881594352
-0.0847685406913
0.222532252367
-0.426144108612
0.27817494438
-0.0996977702968
0.263979694075
-0.252111257001
0.209945521078
0.0331293790498
0.486673551931
0.0556711828981
-0.136523773081
-0.217369449948
-0.044384106735
-0.00506581522183
0.0760049905951
-0.14290775968
-0.00748083514331
0.304294592418
0.20644578777
0.269154721486
0.140784437522
0.288178975224
0.188767570409
0.0935978617587
-0.0843782440062
0.321263256985
-0.125043136017
0.357106417058
0.23840631823
0.17185376166
-0.0610295438354
-0.187402762735
0.0289186295562
-0.232279841764
-0.183770357728
0.163481137086
0.0677151166444
-0.0937664680026
-0.354379098781
0.0991095514033
0.158672000355
-0.0165290803709
0.0227269841125
0.205479999292
-0.00988672928552
0.150087263069
-0.162075288459
0.0678472225617
-0.0596747003284
0.121922495564
0.0542360275338
-0.0804900081798
-0.0112244714919
0.280491266728
0.162662649365
0.304301021391
0.469067588784
0.0809464468467
0.0354796366342
-0.0321904274704
-0.0326747623954
-0.0505535676122
-0.0918409519036
0.114195554116
-0.120042587496
0.0212637240293
0.166719102118
-0.0931927960941
0.0839959957528
0.210338414048
0.341359112799
-0.239329995204
0.203293509098
-0.175258911553
-0.0044232884253
0.125729797103
0.19045476671
0.0253119491452
0.0883002861466
0.201292185422
-0.188836319179
-0.246254891676
-0.0357558732156
-0.035732722466
0.100535584734
-0.318957930008
-0.000632346183706
-0.105875330571
-0.377160587765
-0.0631898008268
0.0875194510957
0.281310341051
-0.375045758627
0.0963275231804
-0.207444240182
0.342847572661
0.265428870532
0.049576655304
0.160991478096
0.30892347604
0.187872102119
0.185500803614
0.032387177187
0.248467489375
-0.0243772135858
-0.154065516807
0.229495170025
0.083449664894
0.14854932349
0.11919021704
0.0104082420011
0.403380740293
0.373948798872
0.24536199794
0.369680097755
0.27636470773
0.345395401203
0.0633229784196
0.20808199822
0.236148084525
-0.117485981937
-0.267813717024
-0.453866975239
-0.132163132022
0.317252728653
0.042865398261
-0.0702493966971
-0.243737748431
0.029710023553
-0.0119314544945
0.201468350541
0.101127136333
0.439652945562
-0.0363666579486
0.00563499173609
-0.106682189736
-0.208054293054
-0.0490255704203
0.105434587919
0.217831264119
-0.13304882012
0.154123615413
0.0202387381344
-0.603498925662
-0.300524629015
0.167862689268
0.181380203274
0.0537652052234
0.189475656879
-0.0487687012274
0.328110504092
0.0500368519943
0.325400860885
0.249719174335
0.275079360266
0.160063120866
0.0727619731995
-0.137588357667
-0.299445772055
-0.0990703738686
-0.25514573739
-0.0313620873072
-0.142395175672
0.380088432072
-0.137110252781
0.238257415384
0.0561698592684
0.22592509937
0.249008359721
0.0798998973565
-0.165475577934
-0.491279060606
0.369446242269
0.273227439121
0.279005945277
-0.234045597583
0.265406845386
-0.0303028531872
0.214082401409
0.0362182014252
0.22220586586
0.18189389595
-0.187791398393
0.44503940906
0.0995571486781
0.155887675773
0.228012801076
-0.177846646693
-0.10134705336
0.147006878531
-0.173258410363
0.28648564414
0.351194765507
-0.128094549663
-0.414426932448
0.143418384916
0.405138163263
0.336379679776
-0.346822987739
0.278206438522
-0.10213747747
-0.0131747016341
-0.0905199698446
0.0808558289761
0.230644287133
0.087995242762
0.258336097803
0.275020639556
0.175905862481
-0.121624696763
-0.154755146611
0.300175149642
0.0750854229264
-0.176796329074
0.0503427492548
0.402667368019
0.365711910854
0.340483323245
0.259281026641
0.188288198723
-0.113642705987
-0.0431142127426
0.147655067095
0.00978809438833
0.476170191732
0.0270740068656
0.178372838494
0.418214954566
0.00231452767343
0.223689903854
0.241306219389
-0.239978894453
0.255464654086
0.00141410051581
0.13834087009
0.0778538598549
0.193451321348
0.199248068978
-0.249226467198
0.170923660517
0.085063415881
0.0697516696394
0.203004109852
-0.108113602634
-0.282623379929
-0.216514430156
-0.129200817442
0.309397040869
-0.0366057565543
-0.221200870719
0.404721686313
0.0792293105435
-0.218837141447
0.227393518084
0.129006984987
0.346279450777
0.0172473082345
0.0272798504396
0.0652645519213
0.114229708882
0.0855961205489
-0.181341006052
0.02313929666
0.626270023651
0.24140794224
-0.0771841383767
0.251490544403
0.265458585054
0.519674013435
0.545411200526
-0.228647869564
-0.450367885997
0.263123392938
-0.0825830765262
0.0750055689185
-0.0710383738966
0.0343935663846
-0.0257157080635
0.0778385990657
0.371721746613
-0.0298983573951
-0.0914680041855
-0.0814695013809
-0.196036439422
0.163077088371
-0.351041807553
0.0783826328541
0.16773199808
0.231947547419
-0.254758795692
0.140647703105
0.112623975879
-0.0198786737285
-0.013822396582
0.0206089975194
0.218332944681
-0.153436997187
0.27752958938
-0.042596536437
0.0104004888494
0.149167312752
-0.236212604936
0.0607512076333
0.0503931858286
0.174085322647
0.167914617874
0.23215647881
-0.113808317182
-0.029344054376
-0.0267958916278
-0.261894916623
0.254242787568
0.0294966862798
-0.263378141877
-0.254404635131
0.516487270512
0.0835906058527
0.118918790997
-0.0519725176358
-0.594721054886
0.0596834848153
0.0564640849714
-0.0730748358338
0.331844494232
0.16687666547
0.292058992504
0.468829484745
-0.17001745026
0.191152289461
-0.295395214701
0.0806827050779
-0.183561327953
0.0319024892412
-0.079816459736
0.123577098099
-0.196703659514
0.461663303503
0.0819458781897
0.15341341754
-0.00250155598369
0.174071994024
0.54004368008
0.283371568295
0.0759360032313
-0.264281753192
-0.0920218651724
-0.126495865209
0.173863364519
0.245012978998
-0.0949121105461
0.135033870273
0.169640516931
0.289387326447
-0.326509267051
-0.116716699903
0.368016811979
0.37452623487
-0.378583686611
0.183099016148
-0.0225872768753
0.428491763553
0.36450489819
0.141727656048
0.181199413013
0.172087240553
0.0489170503271
-0.164388844744
-0.250469979639
0.217284689428
-0.0218937448021
0.110447102508
0.00820941465266
0.312855638412
0.205663331997
0.28055275408
0.00829318382336
0.209177296502
0.235723595643
0.304777884368
-0.299986106279
-0.0683789455924
-0.111405439807
0.272004308912
-0.175813477456
-0.376134306531
0.0754477273397
0.194017607433
-0.0341422846627
0.0839196524263
0.261197654182
0.00623716400706
-0.168006504007
0.348608632137
0.273853392286
-0.169223631354
-0.362545514352
0.350980598016
0.577919343735
0.118145671905
-0.0993886707982
0.0372158507323
0.0634215010042
-0.228200665752
0.103703083563
0.23146500072
0.0721517837708
-0.0856326043955
0.473219272636
0.24272244943
0.240585153438
0.45523680242
0.250009404572
0.215168580805
0.189774345123
0.199897286328
0.389389455086
0.0944581612605
0.181509843759
0.285328255125
-0.216825157185
0.205411296717
-0.111087046288
0.214565826548
0.195390836326
0.331224758811
0.124431479391
0.234258025645
-0.121091363821
0.379438410591
0.0752780424138
0.0308434627681
0.263074425911
-0.182461492955
-0.0278424928506
0.0628224076887
0.292263839815
0.0588783235156
0.441715334163
0.235047513117
0.0962964987187
0.247977734363
0.528936014387
0.35302246873
0.262209046554
0.462355620375
-0.122646075576
-0.195356170904
-0.557391196421
-0.0381835537539
-0.0305629799024
0.0724942027386
0.222750688477
-0.175944491531
0.0169800299302
0.12918851843
-0.223673536202
0.216124963255
0.00333135452751
-0.318263029303
-0.199329751699
0.219062478972
-0.282293612143
0.222513951115
0.0884581793347
0.0779168224086
0.0899634651371
0.025165241444
-0.040079593178
0.0371029812917
-0.238609289279
0.166401545456
-0.050326765899
0.176072006954
0.36630505861
-0.0117923470327
0.000893398125762
0.14986727564
-0.0875815540756
0.155873595951
0.359186262254
-0.216899934783
0.142648474525
0.224016497545
0.147796793121
-0.0671239858295
-0.0427168005175
0.233964838166
0.31427167162
-0.00732826493997
0.2253528973
0.18753657297
-0.416743988208
0.0994085903027
0.141594518741
-0.442166747028
-0.264847574021
-0.0990309653214
0.0248700450273
0.0780523895167
0.0636482215119
-0.168367841807
0.293359129695
0.236598540049
-0.0284573717944
-0.133519957675
0.0291904028155
0.264887020307
-0.0159990674125
0.36888852837
0.00852850226689
0.563660185888
-0.122163132517
0.269326737272
-0.0802985413944
0.178476441905
0.0728878801858
-0.0228599960842
0.124920385698
0.112278983143
-0.0850455704377
-0.0219904864448
-0.201229819049
0.30149412155
0.237175989118
0.127993625098
0.15635524442
-0.0603368410458
0.186094126986
-0.0229942255915
0.184382213144
-0.165534585049
-0.0664473954734
0.245881902566
-0.524033450157
0.329936726756
-0.20224560915
-0.403323732007
0.0697688043201
8.28448121239e-05
0.36482467003
0.101328212619
-0.0130746493117
-0.0347993188629
0.166479751594
0.146500342047
0.0491288134058
0.0483885771967
-0.193829873754
0.267776419706
0.141199281529
0.132133498293
0.0639761827836
0.0347239945897
0.159956391832
-0.230347468983
-0.200094679473
-0.251211228877
-0.030019046354
-0.174591881924
-0.110606961528
0.13978215914
-0.00658633335314
-0.042241639786
0.253349561935
0.544792623927
0.21741789404
0.02057097707
0.447702327542
0.20201502489
-0.16395741424
-0.182334219514
0.310486334259
0.466605127611
0.0405834255983
0.0271435291299
0.234859091636
-0.142804394694
-0.101268093069
-0.195364180163
0.149930184896
0.0196887133398
0.156192552156
-0.00202160000492
0.156657746492
0.106140474675
0.018416544516
0.341921016068
-0.340154346334
0.263922239957
0.150778970306
0.254550851513
-0.0825771932793
0.186976670919
-0.258348806537
-0.447378673438
0.401948231893
-0.17205014306
-0.117543956268
0.180309007941
0.17884803387
0.0664726405095
0.0728727666747
0.088661146185
0.342902365788
0.228156272591
0.274303767767
-0.00443157565373
0.148941484749
-0.152664509085
0.0677695851803
0.306661600469
0.097970852361
0.464733972132
0.186175417065
0.310086627488
-0.0890964689893
-0.145493992839
0.16507627792
0.346552486022
-0.0874600662494
0.380052262241
0.0652817418809
0.39595322461
-0.073924978031
-0.08422773119
0.204102334353
-0.122295763056
0.00506042077624
-0.169418205578
0.0237611018942
-0.189365631118
-0.0550303399049
-0.291054619607
0.281075855973
-0.0421897706778
-0.0793288544448
0.354130522153
-0.213576602906
-0.134121181491
0.0354155567842
0.0152372464856
0.121416895572
-0.0510149867306
0.110941134455
0.0790283542428
-0.188327136362
-0.334354087187
0.22069851214
-0.075582565402
0.0885262568471
0.0903855826769
0.148970189352
0.0986286115479
-0.274861424715
0.268338643071
0.19078562538
0.164340184041
-0.160887354563
-0.304071959487
0.280374411857
0.0613119442803
-0.0840985421897
-0.146064916875
-0.346105713521
0.265653608112
-0.189335641925
0.238772750389
-0.0115550441162
0.058211705187
0.168104753995
0.151384468808
-0.10496202313
-0.132575683228
-0.064572571807
0.36217717521
-0.215584705001
0.432267779515
0.0506921084431
0.233182589811
-0.11218748867
-0.24870091784
0.237020371364
0.149195532845
0.0272077766183
0.158000705908
0.105745936724
-0.201498242048
0.130516606633
0.535044030438
-0.330796150452
0.174534251894
-0.268677438387
-0.0804411034215
0.0631374950866
0.144876370775
-0.181451711144
0.33874051186
-0.142902465829
0.177692604693
-0.427290763715
-0.119180228109
-0.0301838683953
-0.0518839336182
0.0514840847878
0.0303707239262
0.015975730372
0.163645209043
-0.267597939713
0.029616963263
0.265487501063
0.135695217211
-0.125513991005
0.011543123479
0.59286196222
0.345042216661
-0.0573237090536
-0.0209950552314
0.151692086302
0.192229311792
0.22480530844
0.241226590562
0.0651098464287
0.00611091188773
0.14421946028
-0.239480210088
0.43602117867
0.0803142075992
0.259395358788
-0.33279260977
0.193067307368
-0.0296070591109
-0.0367437619747
0.23720105865
-0.0299827061882
0.0205482791652
0.290986920731
0.180531544828
-0.0738319816708
-0.0457801321364
-0.203681525248
0.0690750295475
0.243531042686
-0.205086629886
0.0638785489043
0.191016576446
-0.034170654932
0.148840363228
-0.342594670806
0.386286076134
0.236538824497
-0.0977007097631
-0.140263543046
0.0548687107187
0.0858255030349
0.0374207652344
0.25470429744
-0.194916548351
0.318608782931
-0.157767841505
-0.00462368895425
-0.0497690484198
0.0443781190293
0.28065690247
0.0796466474049
0.0466323043198
-0.144722434579
-0.0169605216779
0.181343575609
0.109657160733
-0.144786881448
0.0295608829682
-0.0492774711433
0.0280623756118
-0.348327107371
0.416094728755
0.2381103666
0.214243687283
-0.270562167152
-0.16368831245
0.0515754866414
0.117085384039
0.401808826342
0.36835281195
-0.0639013585675
-0.263479174088
-0.0503051883466
0.496164205297
0.222237523646
-0.132008942576
0.227185207862
-0.140684762933
0.441269717197
-0.176770726046
0.0760333917709
-0.00725477631889
-0.0840628846542
0.119835309051
0.362058489793
-0.120793238695
-0.217986370446
-0.151243794947
0.274931247969
0.141337389634
0.185955059585
-0.117723797199
0.0607183804662
-0.135919461314
-0.0942662427405
-0.0126165465425
0.28428237607
0.223010802081
-0.365931331097
0.169569564492
0.365745722026
-0.00865799525174
0.110727427656
0.471498765386
0.0919399078873
0.29269361563
0.207767425095
0.242626048864
-0.154105077534
0.0344005112884
-0.124573537334
-0.00357771572254
0.418417943871
-0.102886148942
0.0296515639963
0.00399155697942
0.069882964202
0.165280778549
0.271127539845
0.286301913096
0.0852734257286
0.0636477252448
-0.119700316668
-0.0642677043444
-0.123242989374
0.307869075933
0.292750180842
-0.0536520859515
-0.400605682023
0.0344667315313
0.3113730441
0.236178708493
-0.0141204401539
0.0973621529679
-0.136118099786
-0.125633381614
-0.0268644013954
0.0878086595523
0.370587953014
0.0420856270711
-0.472400796852
-0.0219142391372
-0.165584016786
0.0627512215389
-0.130066546845
-0.20850528578
0.524366908996
0.218081935236
0.00267664098039
-0.0572615876083
0.0431794975749
0.0920960158638
-0.440623717821
-0.070467040239
0.466785581261
0.533133177634
-0.120871856959
0.200194658712
0.21774021581
-0.104096579329
-0.167856886261
-0.0208844161366
-0.336434709066
-0.0465624690861
-0.182170936337
-0.220881601989
0.0569547172882
-0.068359121126
0.127459575374
0.230638597189
-0.114609466635
0.016390948849
0.258908347085
-0.0355622141758
0.284536784595
-0.138699167548
0.0863033757693
-0.076727356571
-0.214265636668
0.00322114205949
0.281957240458
0.0186121450054
0.176733843477
0.204169752521
-0.0577088208722
0.0107382361808
0.177867321415
-0.222829556285
0.299823093092
-0.162822100336
-0.00865853928289
0.367879254761
-0.0541568827502
-0.176200836214
0.342441952496
0.295455897801
-0.120856579367
0.269491679388
0.286233840152
-0.234686674276
0.0717501483676
-0.0724506052624
0.10299003638
0.415607011656
-0.0153079135691
0.00936374775803
-0.0849952006697
0.257763443364
-0.344809323027
-0.12623917261
0.112584060593
0.325846921013
0.166977360949
0.250186562182
-0.179242835154
0.202437219134
-0.0849760538917
0.206106664477
0.0104446077194
0.230967960599
0.254331412612
-0.0297559273471
0.368503586658
-0.0363689411558
-0.0850365670109
0.0782575168564
0.224092748346
-0.253002827767
0.139268566511
0.18498423596
-0.0967496769831
0.250210511685
0.235918019175
-0.205800475595
0.116316560314
0.206592737969
-0.276251222446
-0.0780133615305
0.236765185235
0.0671392535578
-0.232067897636
-0.241369587543
0.0501470190526
0.138378324226
0.392510306914
0.0264856990593
0.142709129992
-0.413147101429
0.193555522708
0.060104806961
0.0800002231324
0.0368289686266
0.0757284487748
0.210452997056
0.0410578772511
0.282505891864
0.0187309842121
0.207658071171
0.131027931028
-0.223563625319
0.127745921637
0.186846771842
0.157678631904
0.0402187636021
0.137832123978
0.215779712144
0.0981416648995
0.329903377335
0.201083278438
-0.123922243955
0.0170917499241
0.206156053615
0.222745816429
0.316739245693
0.0656404825232
0.0734667139846
-0.0691223851936
-0.0705755309105
0.203056435714
0.0188512787153
-0.241799424608
0.217719721735
0.0733535137019
0.113999023958
0.1398444522
0.0914064884615
0.270685711209
0.363127559141
-0.0776595156568
0.293235748327
0.178854240746
0.34048913164
-0.0860991016448
0.120576668733
0.272950341617
0.0678222862827
0.0826759933216
0.0659159535222
0.0954906762965
-0.108834306079
0.0902493101473
-0.43776327298
0.282487607032
0.164859056731
0.0606569302357
-0.0537111853888
-0.0801449005332
0.053921619297
-0.126764563251
0.119332340019
0.438209926484
-0.0606941797824
0.265718164711
0.00258640382597
-0.223158894681
0.223166579476
0.378599819731
-0.00255037463805
-0.162001325572
0.185607359805
0.184657911868
0.107647551026
0.298038257774
0.201062183186
-0.074913152282
0.0886192055654
-0.188961680995
0.258254727648
0.156935161564
0.527306472564
-0.0135239845555
-0.129032588327
-0.0837022847355
0.105780289692
0.0406232387498
0.292138517625
-0.0488622044188
0.19153165216
0.217686564166
-0.110972229499
0.0814951050839
0.226452782067
0.113410112136
0.287390784494
-0.160024074178
0.289547048517
0.122929125117
-0.291190394726
0.509607184583
0.0676831090085
0.223853822457
-0.134313466466
0.14869751297
0.313657432025
0.228954784985
0.471451876012
-0.0711848886
0.158427131004
0.19926239787
0.122871408179
0.388891833821
0.367230991634
0.0545780650226
0.275552399094
0.297688176993
0.0932077899974
0.178740727189
-0.350990641199
0.214250884476
0.180003308185
-0.152072409898
-0.0402068201243
0.308929561001
-0.0789267759015
0.158511159352
-0.101973150826
-0.309194117528
-0.26218150967
-0.567605541667
-0.0912688481413
-0.242392411206
-0.00680828414609
0.215774132445
0.342641593547
-0.0991484521634
-0.347342878266
-0.033304823681
0.0447753215023
0.427359071819
-0.0625488432037
0.0802894865993
0.327663914912
0.214502569591
0.273502403276
-0.413328109775
0.0153353082904
-0.164064044424
0.158538117832
0.16047680621
0.235591884976
0.24133605012
0.0774710512761
0.460739031976
0.215024708241
0.18771104542
-0.215142241353
-0.0254105235832
0.26112652174
0.134615036993
0.00386357097671
0.480838735408
-0.23024258209
0.282044636099
0.119762306182
0.329778280889
0.172527023298
-0.496176900765
0.255669226628
0.416909192014
-0.0121342179208
0.331270942587
0.144285401944
0.0664523719743
-0.13432148318
-0.335172816187
0.0987010161833
-0.277219506241
0.0775374621942
-0.200508462022
-0.0307755550768
-0.0431626562325
0.00847306604306
0.478576185883
0.172374762233
0.278515143311
-0.127779213205
0.0463559524472
0.0243997380518
0.0304226939861
0.171969068838
-0.306530157107
0.198566675153
-0.274258650121
0.044792305626
0.00911515630354
0.145970813574
-0.134476245574
0.261255098819
-0.0967409465211
-0.0173844637417
0.41618565517
0.155706630331
0.0778359990699
0.0810196847753
0.238601788678
0.0805872880591
-0.0812891863647
0.21925907799
0.0814261956234
0.113362375998
0.317281952156
-0.424011835276
0.143464089372
0.0814898538225
0.00814941062638
0.309037778349
0.0951695082121
0.0127414972615
0.348100301426
0.111038859928
0.233693709891
0.191756875419
0.167899104484
0.1061732376
0.126552145243
0.0174985513135
0.24641725522
-0.225560087599
0.0956250871558
0.208879034506
-0.0151485153927
0.128349833739
-0.449612834961
0.039777153598
0.0744812654041
0.361072117141
-0.0406654916978
-0.0407961810815
0.368572206763
0.153770648281
-0.325367671369
0.153608440685
-0.120135778786
0.0767646895009
0.195690954232
-0.470537560288
-0.321423385542
-0.24057541208
-0.0385790309764
-0.214725651616
0.21910134584
0.110452417888
-0.013650254233
-0.0088274162067
0.0615960660785
-0.252067991919
0.443586406761
-0.0234792662285
-0.0437035900239
0.116890333091
-0.176346954396
0.0375497862427
0.256880555479
-0.309166015031
-0.105942055732
-0.208033966107
0.134252082543
0.242503511093
-0.221229400457
0.0180215111805
-0.250319911294
0.365978776072
0.18803898727
-0.227895354188
0.0965828959291
-0.010930520721
0.0154212679313
-0.278447096802
0.334848980882
-0.216225584234
0.176051795743
0.237064377956
0.0370022851432
-0.328188145518
-0.0623480961274
0.0709047044228
0.193168280861
-0.177819793091
0.0406771799896
0.261067598273
0.317768258071
-0.0669067631441
0.242349314707
0.00935373150535
0.213989209886
-0.0459962330553
0.409852728998
0.137209293713
0.272695210228
0.244709258376
-0.178263195439
-0.513276403004
-0.0037671889648
-0.237502056863
0.0939448405446
0.0648116275915
0.14948974326
-0.00734880840925
0.438139430839
-0.148220764313
0.338241235403
-0.0450244007495
0.0483189065954
-0.0256853391984
0.111028538294
0.190159697058
-0.154731931841
-0.255063362022
0.146079921079
-0.354859067274
0.234170661457
0.33043151884
-0.0887306537386
0.236235614578
-0.120242940034
-0.45983695612
-0.0984487870147
0.135397851123
0.222269808081
0.450003861176
-0.117525540121
0.207562605624
0.501402091498
-0.0856815320503
0.00315714606625
-0.0102360282593
0.327882602176
-0.244236575327
-0.146649733019
0.248327117536
0.360150075398
0.132527112704
0.0312149182322
0.201035742596
0.179072637461
-0.0329545362202
-0.126166372013
0.134311066343
0.131684087705
0.0815610104142
-0.245140841406
0.261412586211
0.169668153033
-0.00817043481031
0.204642590715
0.313740130589
0.20167551832
-0.124467749321
0.219627831406
-0.150462669039
-0.00415457564321
0.0652538626033
-0.288977077916
0.0104936959037
-0.0843403372465
0.121828682489
0.0684413324805
0.171888055254
0.0129015514619
0.187369173261
0.045504665664
-0.0700028530627
0.314869582445
0.00616643341192
-0.415921066905
-0.0879655154652
-0.0560847471233
0.0347002355675
-0.103431417161
0.276089974832
-0.0111339874443
-0.0702119792787
-0.177077847559
0.286889663678
0.136290767855
-0.0581502139278
0.147583399101
-0.429087433185
0.248763782591
0.232513767065
0.0989877743627
0.215226482198
-0.0852981271298
-0.0219723117972
0.365739249541
0.334851972184
-0.0439695112307
-0.0274497176773
0.541536420897
0.12462157437
0.272582047239
0.417379080246
0.138498579629
-0.156234118571
-0.200119997145
-0.114894242861
0.152376401945
-0.271688839224
-0.468328525754
0.325756468318
-0.0078335275868
-0.0776794410733
0.315244393896
-0.0728949371919
0.17218849175
0.0111531800117
-0.0691333503819
-0.101999054108
0.162313091298
0.181227047978
0.345172019516
0.0140751301081
-0.00276497853212
0.269686307541
-0.126011155522
0.0384185810091
0.439563744996
0.0102559827084
-0.14922881848
0.0300117513561
0.0288345798216
0.0691915868382
-0.00962707756078
-0.00163497652092
0.246590680279
0.104107709316
0.0764378191298
0.0304059181142
0.385799390941
0.017844300519
0.579181365049
0.236634807738
0.421634966472
-0.14952680534
-0.0344507262236
0.0319139697698
0.345989379563
-0.177485894091
-0.0247457967771
-0.0694892978241
0.234781896178
-0.214276820484
0.155187338221
0.40622404285
-0.167299648944
0.250681385776
0.297467721385
0.195460075827
0.323581333313
-0.0432221310812
0.262408782875
-0.0474336425647
0.292696238357
-0.225742320504
-0.115625652832
-0.118446448416
0.0235521474542
0.543424887789
0.127349794693
-0.0228789559866
-0.293409655482
0.108188674935
-0.00449162878949
-0.255155493411
0.382962048016
0.245206592257
-0.324846233513
-0.160435646465
-0.0977152521915
0.0697837255773
0.175745527176
0.0655997653393
0.11474052038
-0.169252119916
0.101174530355
0.418306509618
0.25476515268
0.156253958403
0.0511760594564
0.0722892067783
-0.334057276778
0.238057412433
-0.0850183066522
0.128165314736
-0.233613962725
0.417169242547
0.225209812437
-0.274478511206
0.0615048413016
0.447567557682
0.0277428417681
0.00431984694929
0.161436169597
0.211180706865
0.0863944502793
0.264990563029
0.337686560371
-0.0605068061107
-0.00707050819771
-0.15597649408
0.097049521569
-0.200433891676
0.258302955807
0.0389178776606
0.136682714984
-0.279921523086
-0.059568452113
0.023669506821
0.218267871319
0.551986898258
0.313422152659
0.346965790633
0.230492064427
0.354077578635
-0.279265308721
-0.0913231271295
0.114074797591
-0.244169801984
-0.0405051910945
-0.113561079881
-0.238928767976
-0.0976616340311
-0.258349257413
0.0530883484092
0.18947176871
0.201688426832
0.0158771815682
-0.00656064302072
0.0186703351016
-0.0401529334954
-0.194544456134
0.0954094613439
0.318292119516
-0.0883761117238
-0.074338399965
0.125281703721
0.193352934689
-0.037034505702
0.231286547031
0.37950347373
-0.158737288082
-0.0455685681093
0.38977462343
0.224918903069
0.104554925106
-0.12262045648
0.208465612499
0.284766828409
0.296028213183
0.0142511963702
-0.186556554352
0.168131467537
-0.212319761296
0.264025328824
0.360093053674
-0.00940386727354
0.0782091186404
0.213481473681
-0.233799531061
0.235476808858
-0.117389211678
0.348223431268
0.446348884412
0.274696090514
-0.357415331113
-0.135434477928
0.451449249865
0.397469488694
-0.266701237243
-0.169526682772
-0.126315895865
0.0182904240517
0.429212350361
-0.480113291246
-0.00434203768478
0.135335992082
-0.144622849661
-0.237065351165
0.131496100127
0.176374979078
0.0812431553727
0.0406585632255
-0.000410791287485
-0.0893275791041
-0.151053992296
0.0223207328957
-0.0363065022385
0.269473443309
0.317873821535
0.192166845014
-0.0633527221426
-0.0594251245289
-0.0643167094746
-0.103893822428
0.0503348024343
-0.0197612932603
-0.0790503644497
0.241207754842
0.0707432397034
0.200157020378
0.287520112291
0.105393456664
0.130729664928
0.1578675346
0.244327991633
0.374187948851
-0.0307789253754
0.438856061309
0.373221125634
-0.0188136368619
0.118117953348
0.191355281919
0.522521444749
-0.269650291567
-0.202260308846
-0.005172645064
0.182815085959
0.060894764521
0.345517908209
-0.419965070726
-0.0689683303518
0.381544575222
0.0558004770089
0.572758152546
0.254736505596
-0.053017138598
0.35815840876
0.19397551357
0.444312584502
0.0234805772679
0.661940145798
0.140513568888
-0.139064379309
0.143115834077
0.0171707471368
0.272305395509
0.371018358807
0.0257958150226
-0.204758126863
0.0436037992252
-0.114262463393
-0.174145210418
-0.0620481690856
0.212957745808
0.119340575116
-0.184194479027
-0.0743811110652
0.022603938167
0.113857355394
-0.351635824877
0.205530654375
0.339591947335
0.232647974582
0.191437944405
0.217752237519
-0.219501507774
0.115837532032
0.139935144935
0.389957036361
0.0650005557805
0.339607017027
0.14230761349
0.137001677935
-0.0570787816779
0.272841497207
-0.154059461503
0.371733282366
-0.445841182406
0.264180378234
-0.146910413525
0.0659012316839
0.345494030176
-0.0577206368073
0.292708571804
-0.199165344025
0.188324573974
-0.253851111963
-0.109941044366
0.43434341111
-0.065653572351
-0.0740357316437
-0.0943650724112
-0.0502494784855
0.0363480147418
0.263124409815
0.175494932787
-0.00958200222774
0.314453716396
-0.361355003986
0.141781051318
-0.0102103490684
0.22468613283
0.16764347991
0.0938342575633
-0.0740858962155
0.131548561152
0.059903211379
0.0298930742393
-0.191383467504
-0.00774909771543
0.270601421457
0.225927701973
-0.334485867429
-0.0671907000907
0.315296157281
0.408523949818
-0.161638448614
0.32998771823
0.379791431377
0.2656753459
0.0573368296299
-0.0805712421239
-0.2477809511
0.0681428012445
0.00658588874168
-0.0907165527632
0.103781131839
0.146149070538
-0.0599555221034
0.367622638792
0.0564246866155
0.228202337337
-0.180530840125
-0.0123151048842
0.00222902724548
0.305598276612
-0.161765409171
0.21750300888
0.206361685845
0.108278827497
0.153879113691
0.478198514888
0.134263386596
0.0190806696611
0.0691267717366
0.0796450558864
0.0982105376909
0.332700129911
0.125557131475
-0.133503245569
-0.251703199722
-0.104034160559
-0.157048181791
0.109280387782
-0.215309147906
-0.0861682561789
0.0454925110733
0.120103029513
0.161003395701
-0.113236956383
-0.077056021471
-0.297071052956
-0.18650133952
0.346128514679
0.0441016664599
-0.183590933526
0.00534765867716
0.3256995784
0.270203788152
0.133552147659
0.481877644886
0.0719054929109
-0.136329026281
0.394245052782
0.185371623469
-0.257828962569
0.302241603942
0.303272960813
0.0216300112143
0.329286000543
-0.124744142874
0.133179589792
0.170846374822
0.182106242235
-0.239767497134
0.0754591919546
0.00726150646234
0.299752251684
-0.0600502075813
0.623020185782
0.124908970148
0.202210161259
-0.0504683288233
-0.0782653710887
-0.0605476619476
0.184100117155
-0.0273847953955
0.151040065987
-0.213505221559
0.296391682103
-0.0915786990244
-0.0465350367907
-0.147231258264
0.187888517011
0.118010585719
0.0715612751834
-0.0393626171416
0.144423539015
0.0988287141179
-0.122689549938
0.495955899593
-0.13023070986
0.110608841459
0.293901530913
-0.0618773661397
0.0250523160176
0.417320049556
-0.108445276367
-0.118569055778
0.308947526846
0.222760696606
-0.183493246215
-0.151185032374
0.197857023956
0.223789202943
0.178783643756
0.231611538089
-0.13432284531
-0.103233712604
0.0671992066805
-0.0498099740794
0.0543702787154
0.078728282682
-0.0483334019896
-0.184575765872
-0.137545451567
0.0527993434103
-0.236567536252
-0.0299911190323
0.255223745315
0.433119295906
0.0349181210655
0.0351943888679
0.174371045987
0.230181908939
0.309989480263
0.0922472645647
0.0175064456556
0.0845865508789
0.0172556828492
0.238031776995
-0.0517893210475
0.67607737851
0.334710468589
0.165380400686
0.127068428947
0.120116045495
-0.179190256707
-0.155094599027
-0.224748464015
0.395319743923
-0.00797428065857
0.025428092424
-0.27717408138
0.0475513054188
0.0394717636596
-0.107538576015
0.583642621964
0.174870405464
-0.0144448167753
0.256939151036
0.192518959985
-0.153462493298
0.341171762653
0.127893826312
0.10176066481
0.070635111533
0.226645987155
-0.0123575593111
-0.433957465234
-0.19812361517
-0.225569070994
-0.0683292528372
-0.075237717864
0.231347099285
0.100700067164
0.0835825763319
0.142369742066
0.0390415036879
0.200225923665
0.00730179348061
0.390414782899
-0.0744842894266
0.327636009271
0.0832325420779
0.243375622622
0.191928517459
0.0858012057405
0.221564268628
-0.110733980417
0.0818755437815
0.23896087406
-0.017929075403
0.333538850938
0.0446621107929
0.45813331546
0.326195038763
0.152420110958
-0.162085855099
-0.407887095555
0.393087036292
-0.0221964285163
0.305217458444
-0.0651582305866
0.395168854464
0.0548462941082
-0.0443237942514
0.0150781283416
0.2641587277
0.341420439266
-0.383220272214
-0.274714478947
0.44714699029
-0.334289464327
0.0937836662611
-0.191174021743
-0.126765094426
0.411990185338
-0.0103796272957
0.245987676522
0.241989472013
-0.160688831452
0.363387675234
0.21351707748
-0.156155516969
-0.0793638739165
-0.0192768869954
0.318856923841
0.0405291559381
0.577327952469
0.385673534796
0.166864167299
0.0824785398056
0.307949690959
-0.0455662119777
0.456832570645
0.215255621413
0.231837184199
0.0132449743253
0.0588936148898
-0.0371146500481
0.154525417508
0.0148304496949
0.275841729764
-0.213969001065
-0.0603202526738
-0.162064506594
0.410769363481
0.0341073682988
0.18963285009
0.0741001151779
0.315461278269
-0.087518368941
0.287198878389
0.237410184048
0.256802065564
0.0977534832097
0.439241704025
0.059726243984
0.224677161761
-0.0523640470012
0.0192795886233
0.0340064080408
0.377460769322
0.0609298914974
0.170037658967
0.511985381535
-0.157235204827
-0.529559380229
-0.0167676987093
0.100702484867
0.0444723139611
0.387310007969
-0.0550513237377
0.256752374157
0.133127278801
-0.00363995134816
0.037268494962
0.279141871733
0.25764212515
-0.0751469893325
0.102247186713
0.0617423399522
0.0881206789173
-0.147829299533
0.25219334371
0.016696718263
0.225457339405
-0.207485853987
-0.0113134027838
0.361153350621
0.0991144288276
0.378573363919
0.103990961627
0.162288279525
-0.0170279377293
0.326821378718
0.219767749146
0.377432043477
-0.333238540357
0.0427487034111
0.158224612192
-0.122881439668
0.260765242574
0.109905987441
0.112887782877
-0.0664021449034
-0.110700811822
-0.101321975447
0.367160555192
0.160866204227
-0.186697369198
0.222456201859
-0.333690313828
0.334833806642
-0.126398382901
-0.0960655970734
0.298307679139
-0.270878971908
0.250476925528
0.112697107902
0.253232269716
0.0969812979556
-0.272574111776
0.112095248579
0.0436482943028
-0.366312476944
-0.00126148900396
0.179776588741
0.18614939493
-0.0390670383032
0.247234965226
0.0223185477608
0.207935697601
0.197137394546
-0.0204355073869
0.386110585674
-0.124073574286
-0.174256605995
-0.0311949616295
0.296117436526
0.161726211329
-0.0386402288922
0.188979772123
-0.349100824923
-0.0113108586159
-0.180002754763
0.0779640432227
0.509684357225
-0.066779448989
0.386200938895
-0.179482521556
0.186465722539
0.3796878891
0.451599958461
-0.237024777236
0.255584442601
0.315556585983
0.429218777692
-0.405117649587
-0.195166331374
-0.2026989384
0.195679064769
0.273942413829
0.148813920001
-0.248621026385
0.229705757285
-0.146601750512
-0.11135365724
0.125024630881
0.110077501081
0.0742174943267
0.464763085007
-0.288982595635
-0.278536575942
0.506171046236
0.0678745063888
0.158685095212
-0.115664766811
0.358534105771
0.137814613042
0.130793820287
-0.382379339547
-0.321181505564
0.166529124704
0.145247627227
0.409714628329
-0.0812616262434
-0.262597004996
0.196299388969
0.00888613670986
-0.450705715447
0.104462155621
-0.0626549552599
0.367633114765
0.103036514803
0.302539594458
0.107343882676
0.424153928059
0.302979422421
-0.391125146207
0.0867636649588
-0.0136406473148
0.480423544643
-0.0249701089206
0.274911990794
0.0179497072538
0.00260248796986
-0.00787179999947
0.328937760401
0.124595016394
0.153750278256
0.0420809569052
-0.0894164805559
0.303435061401
0.132018776304
0.242680220475
-0.0391100340563
-0.0680978890848
-0.406749258138
-0.0452321811031
0.164903019153
0.381533394281
-0.0602961296839
0.121077203986
0.228710424303
-0.0811189871758
0.289712188579
0.171583441904
0.0271568424379
-0.311609905697
0.512885998279
0.0380728862182
-0.0353425371755
-0.101576495294
-0.151870505835
-0.143087307019
-0.200113477349
0.0932026665477
-0.236313416384
0.230760585229
0.120493143048
0.185838081337
-0.0136368002602
-0.0715922936087
0.41570732253
-0.0267477267155
-0.0444612444654
0.113083961793
0.143913498406
-0.151136264074
-0.110374005787
-0.0391177250284
-0.382210264825
-0.147516601215
0.100540848748
0.189363166258
0.0151903934641
-0.037369639892
0.140913357028
0.22950909626
0.0916305836249
-0.0418876778331
0.215616241041
-0.171426800006
-0.0418032012444
-0.0283484307982
0.520706717413
0.279210919726
-0.187643927695
0.312250911894
0.0416928620527
0.367139112755
-0.272454769327
0.0604819989077
0.0495546906995
0.104637546152
0.0459326737428
0.238492072911
-0.0839874144411
0.0973493247089
0.319261209567
0.0750230476104
0.31263828623
0.131126334105
-0.0262758550467
0.293312394491
-0.100004518921
-0.164057913554
-0.0488535014966
0.254449225791
0.246079014789
-0.119782916302
0.0670742251021
0.107777605427
-0.106108109978
0.393183194123
0.0414724511487
-0.283540858901
0.236350070821
0.158990335183
0.00656378403032
0.141799369164
-0.230758316629
-0.0695157869846
0.170709960987
0.063054553693
0.249196392901
-0.368003353524
0.0685749301701
0.0531380443205
0.383189978953
0.288540433245
0.136514765675
-0.192979888296
0.337127447073
0.0509840169567
0.419436737679
-0.12190582673
0.0927969873195
0.0080635759467
-0.205987291296
0.254814623963
0.0479651156728
-0.243691580318
-0.0276988462345
0.0561886249094
-0.124723943814
0.344734511296
0.437158309803
0.280729071909
0.359712272382
0.106299566597
0.285625398208
-0.160933342918
0.134938883383
-0.0343608085778
0.0150119960531
-0.3427905771
0.270139741946
-0.348914057132
0.0529220730135
-0.185134541801
-0.0317121980347
0.0180734167183
-0.0106652107982
0.493895085279
-0.321548871854
-0.0633700797336
0.0354363632473
0.0771586948577
0.662293809857
0.0665114302946
0.150936516273
-0.051553505727
-0.327944776255
-0.314096787215
0.080408301162
-0.283987392714
0.0518133261508
0.230653480465
0.0310157441059
0.0323459035215
0.202260228372
0.0217433991723
0.283308919385
-0.0160864112985
0.337987459702
-0.0801608759056
-0.14150496041
0.0134628374882
0.508458813565
0.00506574343856
0.188162648531
-0.103213312846
0.159151269675
0.287898197813
0.0393749403993
0.181704754599
0.214565017342
0.0239485560702
-0.0295863424026
0.0167527777877
-0.206679129272
0.275872054312
0.0773208963694
0.375690548798
0.0115903834631
-0.189690471359
0.0875437548025
-0.110354242845
0.100016893912
0.533239141669
0.19996370697
0.0367139341628
0.0708366396999
0.0112709007248
0.391843463095
-0.123300031715
0.0469194119534
-0.451554165494
-0.403265860867
0.21173474032
0.209665791519
0.190101361173
0.130501740386
-0.0525160348162
0.353540649985
-0.0470473462922
0.287855560376
0.349746565939
-0.341132003054
-0.0701606417451
-0.344330197834
0.413196945191
0.13992510567
-0.1527790317
-0.0444773869036
0.0144924759357
-0.318102527008
0.237274761873
0.0608947871838
0.227368492076
0.187256972012
0.157294976657
0.00637919114686
0.17004697349
-0.00630852356344
0.0264132569236
-0.0639377003974
0.0444217539634
0.239975413903
-0.167235424814
0.280500226107
0.337717292029
-0.0799168563168
0.00037188202554
0.0455019251749
0.267418671421
0.05421769098
0.271992375587
-0.252660713569
0.272431545831
0.324102726232
0.202890184921
0.196874045728
0.0256894443704
0.214183158183
0.0911789627401
-0.0210694683744
0.275573419959
-0.12808121716
0.224269114881
0.016820911335
0.049590546413
0.0646759022821
-0.218486532104
0.176022620628
0.512580822034
-0.460061747052
0.244675632355
0.0562158930239
0.205659784042
0.129022316825
0.0998289059924
0.23826164167
0.715719991978
0.0314790036176
-0.0363630647212
0.0641880927171
-0.0712995377301
0.328068826447
-0.236394939909
0.126691882508
-0.0917393469359
-0.135302991725
0.154429045859
0.564821340291
0.14514688151
0.170100862903
0.315279981159
-0.102970253167
-0.0361980600987
0.110362856738
-0.222709688114
-0.0649397097273
0.00312604510905
-0.510448818467
0.174676357604
-0.38372114972
-0.174165795312
-0.00533556561825
0.327196265172
0.0655600900118
0.155705885631
0.0260899745184
-0.304185385333
-0.0843403870201
0.471195284096
-0.0502981105776
-0.0253512418373
0.514502628485
0.0448689871724
-0.224883038304
-0.150723604435
0.152270805232
-0.0096272334123
0.209294635934
-0.338608922066
0.103562395171
0.155578837057
-0.0987963195695
0.412308287166
0.312725856046
-0.179984287886
0.0681516158775
0.183219266327
0.008982454792
-0.514831675661
0.147762277794
0.126311014164
0.455345953216
0.332368277141
0.452775463169
0.332001566756
-0.359725353609
0.360566576183
-0.407436298123
-0.153374282919
0.149336585723
0.14498925115
0.209548833052
-0.314976002479
-0.422338993669
-0.242082713526
0.195452085115
0.281573272317
0.106211026492
0.36370014425
-0.0912467728392
0.0192743009778
0.322621779447
0.0848250364047
-0.0402998996094
0.221879151135
0.373362094772
0.127756081485
0.197639856691
0.189681729075
0.319105027776
0.107339278119
0.275606204352
0.195498007569
-0.121759114954
-0.0413681233977
0.346434986045
-0.44837237757
0.237058401776
0.00238242342662
-0.524115896762
-0.170218783886
-0.175025379119
0.362442626962
0.049069036866
0.0683897757777
-0.131495460396
-0.241838017484
0.191309504747
-0.0561778676617
0.0553025748766
-0.36873120263
-0.0480652278532
0.157055931177
0.0486048232683
-0.317094404246
-0.0111199889904
0.0844816258936
0.115688047749
0.237462809305
0.260873943754
0.254992704877
0.0398249008324
-0.14625627835
0.391507908672
-0.0847183892806
-0.307873561659
0.27246716447
0.16034275641
0.0501409556092
-0.134178935181
-0.0869879715315
-0.203546137023
-0.0747244328823
0.0197031389634
0.110577910447
0.210129107685
0.0722297388514
0.0699908719458
0.353212428654
0.0265221423697
0.183325529426
-0.0683208783828
-0.0241341571747
0.0174964483194
0.195095252123
0.0283206707548
-0.370692413032
0.31068913755
-0.013706480864
-0.0546191138847
-0.028466895264
-0.111301274957
0.0111821919128
-0.146269771499
0.297081816841
-0.027694791694
0.000993792445259
0.0678596404541
0.117017727955
0.144943788525
0.212219740144
0.299014381714
-0.175294112518
0.440478978404
0.0358432050549
-0.056107382933
0.352226285595
-0.283273045894
0.346580360577
-0.0565015290177
-0.0798953324063
-0.00203610590371
-0.105151340928
0.131815993082
-0.100590739258
0.274397141296
-0.00721866448013
-0.0448752131357
0.321536803106
-0.26243823047
-0.0760746678006
0.0716603015845
0.298888436546
0.0420545910072
0.0055772805636
0.22622249279
-0.140188777678
-0.195132361713
-0.432303293423
-0.236880174974
0.012043446068
-0.0992637049134
0.0311660494849
0.140373567316
0.0971307170801
0.00481086471075
0.0809216455129
-0.0663558869814
0.18598037474
0.084288690839
0.0383811186438
0.174791106512
0.392572058226
-0.285099978463
-0.312248071613
0.36316708388
-0.13129443942
0.272967035595
-0.0244713710908
-0.0195667819162
-0.0580055281881
0.0763474737815
0.246458304416
0.132228969385
0.125280728196
0.444203175683
-0.0750057771236
-0.329787816441
-0.0345053012929
-0.113593481262
-0.014457199718
-0.0252108779828
-0.0432583889047
-0.171071212554
-0.0171115381102
0.111510130915
0.118155042958
0.109306014945
0.130709666604
-0.346821412714
0.0506388435701
0.352209340118
-0.311853174086
0.139471220234
0.096232198318
-0.232159141182
0.0844838572815
0.0597714358783
0.379019482821
0.0657292810599
-0.00892446508725
-0.150099788543
0.446630412991
0.217259789082
-0.276260797822
0.137713093245
0.184969317766
-0.341451311392
-0.0221395260148
0.0502071519289
0.525823992794
0.200012041393
-0.0145837946188
0.441873703061
-0.411824819327
-0.358516034949
0.00769798430644
0.420920167799
-0.161596363532
0.163484823741
0.121717224108
0.352018222614
0.239102849065
-0.37665242496
-0.254288553619
-0.00550993797833
0.103524409149
0.191784749545
0.0466046428133
0.284101065728
0.247443505331
0.137555998545
-0.240988748009
0.270665933178
-0.0120592944872
-0.125806892427
-0.0392325066827
-0.317632489848
0.423946375889
-0.0775866498047
0.171928006418
0.0742931610232
-0.0263066407383
-0.0631421012363
-0.2096477396
-0.0206991707576
0.407483554765
-0.147545506996
0.0396618389774
0.0343964915916
-0.0663306219215
-0.0647535905243
-0.194339924119
-0.149088111782
0.116278880133
-0.0846529554968
0.0844704601097
-0.278232511202
-0.0150512763416
-0.0673916655736
0.181294289894
0.145213403058
0.224908187196
-0.186710139146
-0.0260580007749
0.0622217652438
0.410427804103
-0.14079349948
0.238019614016
-0.00943733229104
0.127072589105
0.00706292307021
0.221518217343
0.161199588605
0.0813370620145
0.641266118678
-0.603023993782
0.163101729406
-0.116806269284
-0.442593244301
-0.212947908965
0.124904359384
0.358541637296
-0.0601837221315
0.066132868821
0.346924989358
0.144433188728
0.274440043172
0.19908482648
-0.196020677151
0.0801240051553
0.0402812837611
-0.141783821325
0.163983113236
0.229546936623
0.288872127857
-0.177977355288
0.268488383169
0.242540074956
-0.255657489406
0.277617635345
0.58731719187
0.287362351259
-0.0861576656917
0.179354257547
0.343636036039
0.186773122116
0.101017042303
0.534774188224
0.0787674663367
-0.371468145912
0.0748785371414
-0.168328919877
-0.199126351731
-0.0868747034266
0.270138396164
-0.0203260283907
0.392527381562
-0.13607140814
-0.149684650814
-0.162640126691
0.119068419255
0.188425705746
-0.458141416118
-0.153956788134
0.0037477269179
0.109795108472
0.276904351508
0.0355679376387
0.199173964698
-0.332798165159
-0.384795336125
-0.146044475371
0.310127398129
-0.0141410248693
0.104529073913
0.159533667446
0.160036329152
0.161614885263
0.00734368692454
-0.0869939111243
-0.0348114985542
0.299185195529
-0.00236368940369
0.329728773354
-0.0572486800998
0.156524100144
0.072527803926
0.238000521388
-0.0599575332749
0.129867770218
-0.0920045108043
0.0841864633113
0.121012256068
-0.0160372844266
0.454752147944
-0.104440846765
-0.370065020644
-0.477232933962
0.166665421662
-0.204949515999
-0.0323662652453
0.206905295355
0.0812103613539
0.192683787322
0.538188589555
-0.091968688434
0.0641121797413
0.00190106234055
0.134270237153
0.411212030413
0.0188455710199
-0.0687077199739
0.508954494049
0.236880290968
-0.00565642902639
-0.378948546607
0.30872167904
0.160836264807
-0.0180940628643
-0.136972516916
-0.334716045159
0.300136553655
0.354775698143
-0.112480020109
-0.0880560225547
0.0869446318087
0.128095366666
-0.194197577548
0.372893746358
0.152951047262
0.0384713475134
-0.154223557483
0.212885803784
0.151534825527
0.33232662527
0.201757284485
0.188529619111
0.369363560909
0.0485686047869
-0.338514281843
0.0130622091283
0.381133969631
-0.127114924444
-0.0295667312149
0.31950938631
0.082238637986
0.270875607071
0.486901323626
0.0942319394371
-0.139417893363
0.322530708279
-0.0879570049907
-0.381900853369
-0.170214044943
0.179259357471
0.0538730541377
0.255322698007
-0.0802551077999
-0.0167335118503
-0.204363291134
-0.139933349603
0.279852869914
0.0351855621216
-0.110626595287
-0.30819955024
-0.16179073281
-0.0219117022115
0.211326704434
0.0246300414056
-0.217097619735
0.0627479484855
0.0588359005312
0.22340880147
0.29046454439
0.329584663314
0.0922856023193
-0.0941623815412
0.163650016534
-0.0371105298293
-0.113667729262
0.507061617273
-0.433941872637
0.0626684280251
0.173592036193
0.29874514972
0.126988600392
0.161382704471
0.318158514132
0.0793904622514
-0.00551610820887
0.0833648310918
0.102963342326
-0.00402348165455
0.0674527887425
-0.151794872221
0.101181230386
0.168005560557
-0.0947314699185
0.309008645625
-0.209102843085
-0.0320043344216
0.00341777035869
0.22300664181
-0.0553544111645
-0.0166479507413
0.481822962414
-0.442370862144
0.212179852593
-0.0194889812604
0.193104409075
0.18931956401
-0.00106935195632
0.0262146104662
-0.0356179909982
0.0702833351381
-0.0753337287308
0.245511596743
0.425790506462
0.0218019403244
0.429804902449
0.218640388644
0.227986579639
0.0337076074006
0.0456459778617
-0.0738891968955
0.193897303335
-0.28223408198
0.347509457959
0.151477047818
0.336135425172
-0.203234328335
0.180869682879
-0.0886234208881
0.0562628554107
0.246158810051
0.0246129874561
-0.503146180275
-0.065379871742
0.307412129704
-0.0445617382315
-0.381243655764
0.366952499086
-0.138745851592
0.254133990041
-0.237422365237
-0.017927143442
0.568248092396
0.0556863280566
0.0204648880956
0.163466673795
0.207126742513
0.163934744494
0.302746408148
-0.067544187779
0.278109949017
0.124013902577
0.0130489113724
0.0192224609842
0.241254510679
0.0366022966779
0.359164485401
-0.229966462173
0.0865622058342
-0.116153499271
0.0497957123813
-0.0637314086811
0.256264685854
-0.0651452665768
-0.224899003908
0.0161816073254
-0.223081952714
0.19639935808
-0.184092975871
0.0328122313282
0.310250367231
0.0187278958212
0.132688401189
0.0406634004651
0.124529805452
0.000498275733967
-0.243562757386
0.529745182913
0.252663087477
0.0551143910715
-0.127669444926
0.184745785702
0.0545154535768
0.232787272187
-0.0593189294929
0.0360834096983
0.128742928815
-0.200986003152
0.0879831742366
0.0292732564724
-0.07384897533
-0.188028663516
0.0199095293571
-0.176396055419
0.147036967968
-0.175954768368
-0.0349873774941
-0.192565265588
0.115107187667
-0.220709444083
0.334454436564
0.149577137597
0.161847184431
-0.144842050312
-0.0308418790687
0.225214167355
-0.202880738193
-0.142865351639
-0.150399855051
0.10906429146
0.0293089130201
0.162925408274
0.220812795006
0.250554509108
0.156008268528
-0.181361722211
0.148576283953
-0.0685693820249
-0.00025452867511
-0.217951931854
0.17911859204
-0.273953113786
-0.395393411207
0.275405476809
0.0487512481735
-0.0205453410285
0.125152960773
-0.119906160255
-0.0926066035115
-0.0379366385134
0.162293782386
0.279540491676
0.0245230851517
-0.0634604978444
0.247044463344
-0.134835729081
0.488089557036
-0.0736473831616
-0.29348924794
-0.151421856045
0.169313911493
0.472441154313
0.271991792628
-0.120991544788
0.489590155667
0.202278972048
-0.19972702379
0.150672171741
0.227868953225
-0.123546612336
0.190262292775
0.0628833946922
0.294890019635
0.0220415378375
0.158642448804
-0.0910525558212
-0.355536781168
-0.109216376384
-0.267945327967
-0.078028878596
-0.0108156763458
-0.50072017822
-0.00820919723043
0.262130176427
0.0455481605179
0.0633388173685
0.150283151029
-0.207574309752
-0.34688329398
0.103037368632
0.277997519623
-0.0476001127666
0.162698016512
0.216121447523
0.0162205213423
0.0692363859743
0.406919987911
0.207224449625
0.227016069472
-0.199125920792
0.136804933711
0.0579330160346
0.145796518536
0.475916139289
0.276703893817
0.418334195325
-0.296353128377
-0.390756225241
-0.163448676326
0.359018894837
0.315622911974
0.0221383044141
0.0789424809424
0.402196408672
0.0602019101087
0.268752430205
0.139299133254
-0.0434932927575
0.558477414542
0.209082403439
0.052664862804
-0.181245855257
0.159502817034
0.018910000619
0.294643044382
0.257433688051
-0.110049377061
0.0902672272108
-0.0434036902889
-0.0311876152329
-0.00984673502293
-0.0581810457331
-0.158470939649
0.415718936336
0.445834971138
0.200279031801
0.425179093609
-0.126548247219
-0.0512340648866
0.1919681626
0.175655682734
0.0699139224873
-0.0280003236111
0.260663856187
-0.0890265357325
0.0309752207228
-0.0832230986487
-0.20620376524
-0.19595990032
-0.00963235469576
-0.0360914137234
0.155440383376
0.177974983029
0.0880771600411
-0.0471287308945
-0.201308403717
0.166681124098
-0.0349590458156
0.155780998144
0.182673176981
0.160521628545
-0.0388227951459
-0.253832685813
0.072068981406
0.290995666604
0.208137323905
-0.00213370093767
-0.0060562631405
0.399463507178
0.200632484133
0.147775076271
0.679729656804
-0.340952954021
-0.314753511243
-0.00726120692748
-0.427704260941
0.215168424491
-0.051177456521
0.0968799360541
0.128829550128
0.236052088489
0.0846737941215
0.382552746333
-0.267447670676
0.456305339678
-0.0625539042157
0.0735356040316
0.359116108182
0.304289726382
0.185136104273
0.0989266845252
0.256877397009
-0.163276366512
0.472899336076
0.0491254040658
-0.0513845788908
0.0501602513516
0.092508168177
0.149760144788
-0.085710108121
0.0463568718334
0.220898506752
0.020302630212
0.355271830878
0.177800043608
0.208149887954
0.128067653886
-0.176648160688
-0.100563352513
0.0452625336563
-0.192067459649
0.0605075097821
0.296363591461
-0.0599568845016
0.281186286769
0.0534297698423
-0.102764572392
0.183092119282
0.159660940245
0.0706870616698
0.0360466958833
0.249169920408
0.125759686739
-0.0303130859992
0.0996923869806
0.177758131102
0.110382520367
-0.0562160859535
0.0295576880927
-0.106236688773
-0.243169270537
0.171043885079
-0.0718202359756
0.19578787523
0.143061722324
-0.45654527174
-0.102689289149
0.181281830147
0.308977789031
0.0411779545954
-0.0955369904302
-0.206096234489
0.0215541838701
0.259430259486
0.287674639896
-0.0626427208244
-0.50213513412
0.384520534306
0.0502265477215
-0.524180797805
-0.374156068403
-0.214980001135
0.210801792942
-0.421840942786
-0.182341670114
0.0246019418289
-0.0922689799574
0.107951410556
0.0833096638761
0.0204536181431
-0.166637296922
-0.0592349795155
-0.288083787086
0.034632283463
0.0817395606423
0.238045644888
0.219023550113
0.10743640129
-0.0904051875791
-0.193572607678
-0.0352441103107
0.258899727194
0.124675875427
0.284718602537
-0.0721858886376
0.137464884071
0.498464093878
0.17366195226
0.0733028369156
0.0668929732638
-0.00185828157531
-0.129602680956
0.131043762644