0.124152277989
0.272669576382
0.3385870138
0.162634457389
0.0394605334084
0.232400239492
0.10345580302
-0.0247515254173
0.55048665539
0.14802970943
0.310202192827
0.160073244145
0.592911970951
0.370370469229
0.680902157406
-0.154450111094
0.44379564523
0.0374396546954
-0.160323721187
0.457882203058
0.110455110126
0.547421967573
0.133915757856
0.350850260109
-0.053891137702
0.407044947626
-0.00910471814597
0.343428022475
0.296961460499
-0.275121606775
0.527395499026
-0.25779803587
0.512507450632
-0.148858853823
0.252458321603
0.383947846231
-0.0436295904954
0.190783230149
0.367754630771
0.37738739698
-0.141785965277
-0.201261441986
-0.441061916623
0.499323602863
0.0837567791397
0.358632639202
0.305844980428
0.251904476533
0.272831477382
0.440640618373
0.0400699564054
0.245331419402
0.088816727531
-0.135229899074
0.210772296053
0.352232718916
-0.0535351219943
0.14841101331
-0.00799886682425
0.181427954123
-0.0413412948892
0.516280118972
0.112675377113
-0.0395611782965
-0.0223444613902
-0.0924171511996
0.0415405240277
0.376736726859
0.254981353759
0.177801038991
0.24359428374
0.445691352305
0.205811278591
0.0407628574466
-0.00590952429453
0.184020178291
-0.314068416065
-0.106924995169
0.415274715798
0.253813677819
-0.0114076287987
0.267191729926
-0.0982740912684
0.134988438783
0.0471038883044
0.388065483098
0.0905667777965
0.0460383799866
0.356146002666
0.347047092641
0.0156659019171
0.299419930708
0.142041335583
0.213545023481
-0.308678284554
0.278353717182
0.129934445026
0.692329627577
0.289455726245
0.303174089414
0.0915785401533
-0.26069883257
0.296364647455
0.0766277595703
0.0593951673827
-0.113420728324
-0.275773384175
0.276228593317
0.569072566814
0.506735982845
0.104665678921
0.48651174145
0.556200415957
0.15348243029
0.18257612074
-0.324342793436
0.202402895986
0.205704254418
0.210979128627
-0.385583617453
0.20279954541
0.387221414752
0.260218238413
0.232029873214
-0.228382014817
0.406551078787
0.133590058687
0.238728131356
-0.172845759131
0.13691346239
0.256720353535
0.0752564195845
0.0445716241174
-0.00387828778107
0.259019511161
0.244288802341
0.0719247123531
0.264111775249
-0.00641261753537
0.135838587211
0.0122213678207
0.209927722746
-0.194400219372
-0.256381357902
0.486360253846
0.506902558811
0.219925208516
0.186201887361
0.0774414652536
0.371376276111
0.272532157133
0.170217645768
0.19853646061
-0.053925801318
0.438782479664
0.489332180402
0.2805634311
-0.0394650338455
0.107147056702
-0.117912866101
0.288744160895
-0.0461363132714
-0.0626559903303
0.406660513902
0.491245065903
0.25625182296
0.554468912675
0.171785558457
0.16830509285
0.62490621217
0.197483336475
-0.254405754778
0.289241799082
0.249482614107
0.0561478001465
0.359905998251
0.035545438352
0.00837451175269
0.071845938107
-0.0424011082676
0.524543439428
-0.203122724923
0.39151087517
0.141776035565
-0.00554897392457
0.254014447801
0.403087134305
-0.16548092222
0.295721362545
-0.114467833035
0.115148830274
-0.179390730007
0.242056522379
0.112846723798
0.261721958807
0.272121562863
0.0267867208127
0.387853401008
0.38040849429
0.296264484595
-0.243631013652
0.100914361961
0.480737423582
0.124662560125
0.181193130444
0.0363281151678
0.248847872979
0.406938932529
0.218160615999
0.127078330512
0.164877774117
0.0494822715153
0.296057993028
0.166601951731
-0.108774820924
-0.0591344814392
0.140005732225
0.302624490101
0.379890668938
0.0836747864574
0.0710859885962
0.324128079392
-0.212205804873
0.210198799923
0.196614622289
-0.0792984450727
0.111341916444
0.565118678921
0.402904548831
0.312733375813
-0.369217878659
0.0763641413244
0.238583070334
0.0901705737055
0.278893927367
0.124192114047
0.525888052212
0.374377877054
0.2058979778
0.434720918461
0.180466451227
0.0791936382356
-0.125883620759
0.0297894536973
0.160951048446
-0.083016589139
0.297057830681
0.133864494065
0.384852685811
0.185311858801
0.398902230876
-0.014397699946
-0.064772831654
0.279456395344
0.0470084551092
0.124844527829
-0.309214600817
0.344734855646
0.22982593327
0.119175023991
-0.155948467622
0.113057045138
0.33632456537
0.188114103042
-0.0283288674585
0.155203050201
0.295718926777
0.331177961718
-0.0970951615875
0.0152974033329
-0.294722339877
0.171682825829
0.586560569774
0.146951153967
0.262295934274
-0.282752086059
0.444658871222
-0.108954829458
0.377039427628
-0.140967762924
-0.276960810519
0.175846110297
-0.149983727798
0.401463001847
0.255252089423
0.0459825846253
0.153819009432
-0.0401617911198
0.124561397532
0.276482433492
-0.164791840923
0.0592178462393
0.222139772289
0.028054194442
-0.0715751766968
0.24725750896
0.334746145225
0.191924986983
-0.210091977833
0.502073247428
0.28120261222
-0.368034119708
-0.24855794619
0.139580299808
0.021615483903
0.341143536516
0.177705723259
0.544917170004
0.376395571675
0.597729721348
0.295754485565
0.218973352576
0.469879250409
0.745159168029
0.405762221447
-0.0436946392264
0.049417667047
0.238816445417
0.148006541673
0.278935850377
0.397653843439
-0.397367675463
0.449191122719
0.311329888563
-0.00957405973591
0.346272534168
0.404490574281
0.412375924803
0.334673090909
0.103445220096
0.195554381537
0.180467467774
-0.214598216533
-0.165161929446
0.36105373678
0.662976562273
0.123372558611
0.135452376111
0.538014778828
0.205617188589
-0.036618750036
-0.181644063187
0.446799096218
0.0470583555577
0.0656200200732
0.311542718236
0.806605962106
0.124853694985
0.664998574583
0.147914151336
-0.4491552816
0.0541612953502
0.231972633437
0.00813877394066
0.0851702368298
0.232253888707
0.483169225365
0.43170132798
-0.164738876557
0.0105999193557
0.289467566911
0.446275701176
0.0195685818849
0.399153398816
0.0868357641464
-0.132405863682
0.0783618578114
0.114684153795
0.103260087432
-0.00129093041418
0.247350768096
0.128059431759
-0.0572717691726
0.345787009297
0.109407814696
0.199075792055
0.273577406208
0.195412913048
0.550553147355
0.197559213238
0.364360144111
0.172847529978
0.558883133637
0.167542966491
0.00590891741097
0.121258658467
0.381734045919
0.308072008436
0.443986544495
0.0117595388097
0.320840895748
0.14591343714
-0.0994377669922
0.313951849893
-0.0521467840961
0.402384398502
-0.139269007923
0.267209185445
0.187333554884
0.117061923224
0.0345089809917
0.337181830878
0.418300948923
0.247294332377
0.134541717073
0.0547634960445
0.212959644248
0.417754449497
0.347631317977
0.0667176773831
0.467572698849
0.329890480942
0.135288184817
-0.348309510665
0.0405245344747
0.701963546194
-0.0697131897145
-0.314065391823
-0.332945690776
0.0447428867467
0.0535424786827
0.0428028260647
0.192507635505
0.328917677584
0.0541146309923
0.398003479176
-0.155770730805
-0.473474738565
0.261651703332
0.204082445611
0.0864235963283
0.248845282604
0.240361584541
0.306304763026
0.289056032815
0.213693924203
0.0874956593045
0.151177854963
0.74133847414
0.327552661599
-0.00228009056416
0.376382277381
0.171042524604
0.0362131221574
0.141875888281
0.195218005345
0.185743211718
0.215088562498
0.190890939374
0.122853859683
0.108071050553
0.22142382666
0.189720108009
-0.0598967856532
-0.137611332851
0.0846796934779
0.0356824253034
0.0273546347934
0.174269819156
0.124276665955
0.379340641967
-0.00903032176314
0.0228034866967
0.161597737989
0.445428555599
0.383167996344
0.355947612573
-0.0655541797697
-0.252218929689
0.107888809533
0.0944339696266
-0.318086270031
0.48385875755
-0.331647941609
-0.0363533151835
-0.0319825762573
-0.0122776145353
-0.377678542479
0.433603644659
0.249919375446
0.149958700131
0.208853642601
0.149865124292
-0.0235696214068
-0.176027293608
0.248490563754
-0.170180392657
0.718602787618
-0.0769548666693
0.379325925145
0.119719019248
0.296446839639
-0.0647438984284
0.334490354742
0.127465367945
-0.132706804967
0.157920412852
0.311242060916
0.232829963183
0.0145978549635
0.200371489608
0.150265794682
0.530222801541
0.252185201395
-0.392060573032
0.154193883942
0.110087773794
0.331357546008
0.292006171631
0.540903314807
-0.0792659277258
-0.18977192132
0.0626760535491
0.353698397911
0.536024202653
0.0927027661029
0.240758778863
0.0250957935449
-0.00105190156396
0.256882735414
-0.043512646248
0.165926518435
0.0429394122953
0.0752460709034
0.176193400543
0.0423888553931
0.0920506924615
-0.0539173817952
-0.180445534929
0.00549447094345
-0.143258633787
0.288059797192
0.300109679905
0.0376739109241
0.280848766704
0.215689614874
0.314014489985
0.151824316137
0.225622899476
0.474517851259
0.477572318029
0.141701344136
0.584977592073
0.18725394798
0.0211233009888
-0.127985843161
0.451220960291
0.205574367582
0.211031825639
0.00836153033191
0.413986122578
0.209776851352
0.1623725125
0.752363862631
-0.433742867433
0.247460899827
0.403948326295
0.495195520524
0.51960775635
0.232488260773
0.0317757885503
0.158797008507
0.421459385821
0.233905571264
-0.416567046935
0.104547006502
0.259575539194
-0.0565955176929
0.322541541759
0.168743032028