0.174767678478
0.327002372605
0.38496826767
0.0704850595012
0.381697106885
0.583831272952
0.376537600078
0.715962741845
0.603546466196
0.0950116151699
0.4723859081
0.46610103286
0.349859546495
0.331594249285
-0.286381828275
0.568722908891
0.507447499699
-0.164821728353
-0.144136472213
0.300473269546
0.492887410195
0.0945721062163
-0.0127485242404
0.626408945955
-0.0845482791796
0.440547221111
0.217514036392
0.0363426147849
0.341089737434
-0.106720568581
0.235251015891
0.47486235956
0.117412914116
0.552631560085
0.292921262274
0.213768828491
0.827224142507
0.36123629587
0.105598359696
0.685517589157
0.148490768258
0.339154269136
0.234503260983
0.235929650315
-0.351052066192
0.456963932803
0.268657704398
0.45023578126
0.221807865817
0.268037977787
-0.176264328557
0.282381035425
0.0801817007079
0.0194798733824
0.0862155814363
0.526230006066
0.4240381384
0.257652415134
0.692096674552
0.253294572265
-0.00987749105745
0.107553864735
0.505459675624
0.575380378445
0.577772641713
-0.251875285685
0.0364172546097
0.434464898165
0.00767254612884
0.107434782438
-0.27360468102
0.322963166556
0.48423636449
-0.205222156124
-0.206324093379
0.283303841642
0.0574323764107
0.641420135713
0.291093752224
0.502633045608
0.135642561373
-0.0789050001207
0.429100521612
0.42154009118
-0.180283925545
0.612308877762
0.343482150319
-0.398877812002
0.0979937578081
0.591343563062
0.453060435112
-0.102064112027
0.0696696167998
0.448965732044
0.0837300089213
0.0663683316109
0.343107004461
-0.285085645405
0.145810044867
0.348029136367
0.688287755274
0.180900922669
0.514575962498
0.345121606515
0.365545475044
0.128872705363
0.201127860825
-0.223792404544
0.0613973490011
0.225714140547
-0.164916558617
-0.377856938978
-0.288699087749
0.583446893805
0.654339224021
0.289399208589
0.813437469585
0.456270662304
0.0706672287149
0.484515452262
-0.2931766725
0.386889729596
0.460325235758
0.317474366356
-0.1047775999
0.134156758135
0.614111397878
-0.0355688179864
0.50067252551
1.01554359153
0.813698935657
0.00750049935987
0.216856176817
0.515607185777
-0.152010237498
0.405990961365
-0.00481701559424
0.234322418885
0.294067766931
0.161329728879
-0.00792091598827
0.314729357904
0.216127144597
0.680022624172
0.427342643647
0.31188899126
0.0368625878884
0.314217663069
0.42628700505
0.687388702265
0.463867322776
0.203194334426
0.418221387748
0.142361200136
0.76798972855
-0.237328759969
0.115846255786
0.465105771202
-0.505546081708
0.279376405965
0.346995262968
0.183554087663
0.156574842212
0.164658427812
0.769687664703
0.00774803900242
0.246389167371
-0.129490042452
0.470201281301
0.384612271404
0.0770692558017
0.157998855225
-0.283693217263
-0.179073438107
0.304996355485
-0.0631020575403
0.88476144436
0.20074150697
-0.128285397661
0.289545690989
0.0570547464367
0.314047415183
0.19524931362
0.563458866394
0.228468428484
0.33452204633
-0.162078129253
0.0654543178124
0.0965704555121
0.0295630571751
0.0389238965311
0.287866051865
-0.0146091741294
0.122323094938
0.11539538756
-0.178884774291
0.336769996651
0.282985752928
0.57095195213
0.00890194716622
0.502069200956
0.894082157576
0.593972180631
0.624846539867
0.270145748582
0.0270401403892
0.219851546189
0.547354985448
0.283377438778