0.0195605476495
0.0225438693565
0.0356357316973
0.0164032362526
0.0150635348831
0.031909923351
0.0274017928172
0.0337710417844
0.0165800446477
0.0195207363617
0.0398025404377
0.0271630663537
0.0273938856851
0.0150274288123
0.0128659228729
0.0209859412582
0.025507568354
0.0358563317473
0.0282664940473
0.0127184086154
0.0299465224414
0.0179703891717
0.0406770279252
0.0234901012338
0.0191085888369
0.0202756909238
0.026914845472
0.0717113026139
0.0125987249348
0.0168973968883
0.00780622438087
0.0415252222514
0.019143796252
0.0267761891012
0.0277278734443
0.00410037247498
0.0205241958247
0.017522770272
0.0109921939181
0.0316305015833
0.073245285499
0.0271780961439
0.0268621193029
0.0242992570972
0.0254824717082
0.0132103519829
0.0338790608239
0.0187508940416
0.0437699000497
0.0232352219736
0.00880763999449
0.0164523878475
0.0242307280398
0.0309389611573
0.0179653879755
0.0268360253322
0.0105111754257
0.0161228021899
0.0303212220971
0.035785594644
0.015161435204
0.0191071267305
0.0127925944975
0.0200819975549
0.0223676844536
0.023886343028
0.0101807198575
0.0175500128862
0.0369545208764
0.0740274459648
0.00975394749349
0.0202505851019
0.0233025283788
0.0103162898372
0.00408056664677
0.0211331527779
0.0343881353892
0.0213295242079
0.0617093180848
0.0239686622216
0.0174473697006
0.0642102315266
0.0402409986334
0.0583938078131
0.0782420766352
0.0319561335242
0.0218181318358
0.0359267782291
0.0205159770222
0.0175583739318
0.0525889649784
0.0121297379468
0.0491103386176
0.0205253551108
0.0232317614418
0.00767123267385
0.0478285522801
0.033871406766
0.0179659301636
0.0220147795016
0.0175597026642
0.0271379509684
0.0326809516394
0.0356539821271
0.0518632646274
0.0182200292794
0.0449799063877
0.0327314256872
0.0630594672512
0.0587990199033
0.0210959809538
0.0373636570793
0.0600647014768
0.0347320290049
0.0380892329397
0.0359321637871
0.0123130049861
0.0291457595085
0.021888837471
0.0164676056554
0.0162894662311
0.0119127147843
0.0154912975912
0.00557385319878
0.025324242436
0.0502380985309
0.031574414777
0.0125425627153
0.0136343313164
0.0205271806126
0.027589348029
0.0127351554896
0.0405408053058
0.0178661351335
0.0285127475217
0.0141599510491
0.0146505910263
0.0349225485843
0.0257568271139
0.0303576466192
0.0312463937388
0.0226603218413
0.0197304096808
0.0235117401563
0.0158737426579
0.0125702617212
0.036644614589
0.0192247842258
0.0266058458671
0.0226948255505
0.0349279327526
0.037156847607
0.0131832288239
0.0278640301536
0.0166398515768
0.02275965612
0.0176595893767
0.0398483934954
0.0328962239832
0.0226463623081
0.0266949010537
0.0171159416351
0.0663372282755
0.046050701359
0.0242266406984
0.0480361697199
0.0559979745873
0.0788522914351
0.0552786376774
0.0209786163282
0.0178305527256
0.0536952116132
0.0444393832496
0.0104686910849
0.016827842779
0.023719193468
0.0632744375061
0.010547258174
0.0313755117281
0.0304863855864
0.0390144884047
0.0280011207025
0.0278830208142
0.0149475427937
0.0191296455782
0.0426460169751
0.032405094045
0.0147742165594
0.0275001820262
0.051937367791
0.0203067713483
0.0092276411303
0.038546481974
0.0216782019899
0.0385773959244
0.0151729041837
0.0680096416236
0.0136196824857
0.020710534729
0.0275400996396
0.028875618431
0.0257980539458
0.0308206341967
0.0102006898445
0.0153254051463
0.018462080024
0.0290998248252
0.0288323191483
0.0162231263607
0.0196205204252
0.0142439429341
0.0323394992746
0.0308970606646
0.0196234166257
0.0087199337397
0.0126767472325
0.0158631828802
0.0468351478734
0.0279977550084
0.0159738653629
0.0276709190416
0.0614564502674
0.00896308055946
0.0238469585213
0.0252174343596
0.0261425780938
0.029479266265
0.0878368897362
0.0469015487052
0.0192006313548
0.0327022440741
0.018360539536
0.00550761897094
0.0168811919851
0.0137891298209
0.0122826020757
0.00655027814502
0.0294737275286
0.0100040977865
0.0364758391477
0.0208397497811
0.0236639552424
0.023220617305
0.00574361564565
0.060868768627
0.0431822280454
0.015113517411
0.0292384143938
0.0326535612833
0.104476266846
0.0228396283827
0.0229744835105
0.0330779440783
0.0160409858214
0.0112239661374
0.0329386426428
0.0451198850862
0.0179273207522
0.0261700940598
0.0223544654825
0.0415510734916
0.00831617529172
0.0120396091314
0.0288244651061
0.0108145709429
0.0236031556306
0.03084113176
0.0138776619298
0.010236879796
0.032010347682
0.0249391937636
0.0258987879384
0.037040170674
0.0183615325074
0.0134400729196
0.00883713469385
0.0226638289198
0.0294978071975
0.0122954870064
0.00971403668409
0.0572735286006
0.0159593106381
0.022341143265
0.0249332477051
0.0209517327799
0.0072579686122
0.0194329759787
0.0196422880144
0.023752158627
0.0164143841926
0.0404299030493
0.0231029905606
0.00999500896343
0.0162427004421
0.0215509118424
0.0819198343004
0.0257478656107
0.0274279905946
0.0331293577112
0.0368366712813
0.0120936372904
0.0371494214886
0.0127806261487
0.0343073050977
0.00482345712048
0.026244482634
0.05426452641
0.0182744630848
0.0221806939854
0.0291351271555
0.0342535823993
0.0278791669541
0.0209758896907
0.0336983220191
0.0231559395541
0.0319779481642
0.0340648312059
0.0188146752885
0.0305398074426
0.0245681193633
0.014543445485
0.0459798854609
0.0419171328084
0.0106837927238
0.0149149160122
0.0285423936126
0.0861287637519
0.0453052572433
0.0342607041815
0.0365899697708
0.0315049440071
0.0273750873445
0.0127656590909
0.0282160915631
0.00488473686298
0.0224303235879
0.0536176168265
0.0229717288674
0.0441428567865
0.0316184045619
0.0203486020321
0.0321074591807
0.0149861845293
0.0573032971676
0.0273065968355
0.0372387548433
0.0255853702212
0.0307141029967
0.0346376525952
0.0305090111843
0.0242234213891
0.0389157128362
0.0180600897492
0.0355939035472
0.0563972628687
0.00519789287314
0.0218806542937
0.0112711293268
0.0279086426406
0.0697319637001
0.0261132218374
0.0389267204658
0.00947610206597
0.0475682339506
0.0322316007486
0.0213569255804
0.0548080833129
0.0208852698312
0.0278883962358
0.0254208716369
0.0495253572095
0.0368378567604
0.0122413652935
0.0222289633511
0.0526309709469
0.00975429643375
0.032493087251
0.0230252549119
0.0105886249337
0.0185273143021
0.0168909847306
0.0347139246275
0.0351580175925
0.0219181895261
0.0280408156019
0.0187915004541
0.0842132158574
0.0166979580166
0.0494544054103
0.018899192776
0.0489355946524
0.0195669141172
0.0284360651428
0.0162931032848
0.0482134530904
0.018248277988
0.0225185150791
0.0405650148615
0.015012881622
0.0228472429322
0.0223686052691
0.0266454182398
0.0366203283084
0.0501154613111
0.0230875309598
0.0188369295133
0.0396398645048
0.0358829988416
0.0326917717308
0.0545659805678
0.0390846674883
0.0283974861173
0.00685666263411
0.0230792954121
0.0101348804679
0.00941643507479
0.0497017651688
0.0134258341048
0.0566287539857
0.0480990953146
0.0279849207837
0.0315160696064
0.0266153194509
0.0240302307968
0.0114431400516
0.0512522992767
0.052869008163
0.0224986894848
0.0165742904401
0.0566924637336
0.0181859794012
0.0147290621823
0.0278158789406
0.00943444110457
0.0154480678485
0.0453982943964
0.0721293477024
0.0413905114462
0.0326381327925
0.0246397476596
0.0158635733329
0.0180946025178
0.0151602681452
0.0118727810243
0.0266993693894
0.0569170615328
0.0142019282953
0.0172223816663
0.0164032549078
0.0165135945282
0.0320100217784
0.00565000765427
0.0286995008623
0.022234032188
0.041787965916
0.0595547846495
0.021233389232
0.0191992700178
0.0111573046059
0.0356490726583
0.0465164727306
0.00705238158031
0.0415400646356
0.0519722200212
0.011530597689
0.0317706230896
0.0235435546833
0.00515283668913
0.00658611122551
0.03527740909
0.0111145949615
0.0460704080334
0.0219868913805
0.0506772105783
0.0221660616097
0.0705979982386
0.0115031553282
0.0292110468322
0.0219718379309
0.0307105632821
0.0227066732332
0.0372698301981
0.0096896935383
0.0376256899611
0.0205180200901
0.0660635530948
0.0179728675892
0.0275155114936
0.0207783435567
0.0172906470044
0.00908111380648
0.0214639591497
0.0984662928409
0.0111870659237
0.0205001777681
0.0783104251545
0.0207026126816
0.0040672421882
0.0468412816474
0.00933927045035
0.0280991916653
0.033866392586
0.0149511485109
0.0262431477171
0.0120895590102
0.0222455989863
0.0479478125507
0.0230417662557
0.0403015183905
0.0283652898091
0.0159694708283
0.0632063193822
0.0188429479952
0.0185247278384
0.0426723558468
0.0217097055341
0.0147803428211
0.043143274158
0.0417200903284
0.00709300876509
0.0165215983919
0.0225066273238
0.0121507510555
0.0116066348039
0.0318509921453
0.0251700624074
0.0295568367685
0.0421932626907
0.0138560760666
0.0247292864894
0.00526007540016
0.0512912462754
0.0255287857524
0.0651650455291
0.0500639955688
0.00677488151409
0.0247738526579
0.0657355777184
0.0266868818624
0.0152970792378
0.0339140156798
0.0226961844812
0.0341708131047
0.0189859891228
0.0249656310367
0.0271676734094
0.0431854521465
0.0221937356178
0.0185032394848
0.0294639994684
0.0323236540392
0.0281012492259
0.0240698219615
0.0353471136305
0.00589363764495
0.0298786062305
0.0299222831325
0.0257195315574
0.0108770093113
0.0249863258925
0.0247309114079
0.0196784513159
0.0214650411258
0.0170886191416
0.00153396882372
0.0516643964995
0.0272395946349
0.0107151554532
0.0259094774203
0.0418148746276
0.0167235441572
0.0191600183412
0.0055557133494
0.0157437777368
0.0250447269251
0.0325563630943
0.0241717442846
0.0092391139548
0.0187584922917
0.0360400546166
0.0297127880374
0.0262514746859
0.0350906841256
0.0180089746904
0.0127145582999
0.0186605458094
0.0213228454818
0.0354330373609
0.0261727360235
0.0586764158133
0.0100671438695
0.00458962266905
0.0036324227404
0.0248908542517
0.0340671224398
0.0284622953702
0.023433300584
0.0196264161375
0.0312390449361
0.0239269675432
0.0332349554559
0.0341843701973
0.0286776451954
0.0271717493155
0.0151996180033
0.0223726107016
0.0336019901958
0.0240742224801
0.0060900712061
0.0361476493554
0.0281514581053
0.00739816423256
0.0123350863006
0.0277111704613
0.0228846883341
0.0158695926875
0.0177549647893
0.0823174419453
0.0605787323469
0.0408282216483
0.0126272070815
0.0182360407179
0.0372295372221
0.0254097023936
0.0138207580621
0.0326457094778
0.0582734591939
0.0193301594733
0.0120900281272
0.0542910768458
0.0330306674893
0.0195900972949
0.024637203343
0.0447437226596
0.0697165598073
0.0104876073494
0.0206847293165
0.0199805735388
0.0149390992345
0.0126672065554
0.00799134112516
0.0188155600595
0.0253489255623
0.0308600039961
0.014225046943
0.0171257172315
0.0855075271029
0.00567540607927
0.0124810129183
0.0251427748537
0.0335920591571
0.0159519360751
0.0214404753314
0.0322747901728
0.0103203219855
0.00803721413986
0.0248788670208
0.0212144544918
0.0404460306761
0.0284459805543
0.01318709412
0.064940592767
0.0238877729897
0.0125035443942
0.00770218712169
0.019602593353
0.0239342267632
0.0247187335105
0.0461636688448
0.0330862485781
0.0253494106303
0.0223741930839
0.0159038475224
0.0339499038361
0.0137071859051
0.0364274969964
0.00789097941275
0.0206669939866
0.0137446687024
0.0306614926843
0.0424621511339
0.0142068853286
0.0249338302695
0.0557871582552
0.0619140538468
0.0125629723808
0.0223618189141
0.0456839229466
0.0288813808737
0.0292974344661
0.0126270568133
0.0521305753144
0.0149294423896
0.0130996408438
0.037774619762
0.0122500351331
0.034609793598
0.0297222012108
0.0338759350334
0.0356149946207
0.026762198746
0.0307321523402
0.0143080183134
0.017743749767
0.0545286821254
0.0178198140078
0.0319993407039
0.0293265410402
0.0224023647514
0.0142710886753
0.0248934171141
0.0210467617793
0.0401520006171
0.0309964542556
0.0219433050457
0.0140736318983
0.0292788053745
0.050639909588
0.0447237895314
0.0278417372803
0.00698576467315
0.0526056557068
0.0410340058685
0.0435204619196
0.0325307144975
0.0159304589827
0.0258744178228
0.0621373444716
0.0187292755912
0.0182766447513
0.0332041150836
0.0143116097375
0.0387909033314
0.0196123090148
0.0294753418111
0.0288507965087
0.017391592599
0.035915344515
0.0183186931789
0.0194466173107
0.0459802949484
0.0266490673692
0.024376985129
0.00660771695493
0.0296244523203
0.0155004479539
0.020793683247
0.0466548155895
0.0126759144207
0.00674296814196
0.0331537018843
0.0234940185388
0.0289112652979
0.0128622618694
0.0169555462865
0.0140271137675
0.0331881800975
0.021528357078
0.0336527546784
0.036213965919
0.0365924843882
0.0411112956119
0.0120928991234
0.00527883546642
0.0185838080794
0.0130979177301
0.0487993060106
0.0239408605014
0.0612312041328
0.019741534893
0.00758039271499
0.0354762810338
0.0129824098785
0.0255942006445
0.0352026511178
0.0184362626694
0.0267456802467
0.0213856682822
0.0709331897362
0.0303480569277
0.0207139521141
0.00816784370877
0.0218269034871
0.021279889487
0.0494051078756
0.0308592316716
0.0154891401716
0.0246446956866
0.0317089486675
0.029727558885
0.0540907177552
0.0266021533198
0.0322942186876
0.0524056249763
0.0084064377939
0.0661544742366
0.0219035811713
0.0349631642692
0.0342313142994
0.0447675680474
0.0163702776732
0.0177762128709
0.00971700324985
0.025839459025
0.0123504916938
0.00989166381972
0.0275964085876
0.0112024951743
0.060984000583
0.0389925801072
0.0125745192452
0.0253966976956
0.0311336781197
0.013906503719
0.0310567023864
0.0270190645195
0.023325138165
0.0277046846224
0.0192088799253
0.020967922811
0.0265628694326
0.0145057252006
0.0306499375127
0.0502921842031
0.0265365895564
0.0270934556434
0.0249763267269
0.0388025407249
0.0260446151129
0.0238289184998
0.0200846283404
0.0302175828475
0.030749333146
0.0284226110853
0.0151815589913
0.0444464172391
0.026437961368
0.0142184603442
0.0377994450806
0.0355698803938
0.0384747550388
0.0201138747477
0.0456812532451
0.0210671569732
0.00401921748559
0.00588218039409
0.0309665263778
0.0244567185389
0.0276872663267
0.0303469613796
0.0288022574308
0.0402012276414
0.0278906761213
0.0155704580808
0.0485125617305
0.0982907831088
0.0298625329241
0.0263959690443
0.052677404868
0.029144836088
0.0222886346434
0.0390589515329
0.00900244469746
0.013443276103
0.029920689646
0.00384115953508
0.0271631252161
0.0326781510227
0.0215780902371
0.0372713087572
0.0303927161158
0.0261786151199
0.0265844364374
0.0328340019844
0.0157150251298
0.0283335229686
0.0164626253517
0.0275799584216
0.0192021977729
0.0159854116754
0.0183899600344
0.0160382087996
0.0182114701315
0.0260458624792
0.0105460747752
0.0185867022219
0.0294842305906
0.029503324331
0.0410335987152
0.00824562404293
0.0266554779468
0.0286999541516
0.019033594529
0.0426570061916
0.0696489312473
0.00552892926086
0.0967288809932
0.00736575544381
0.0203971493209
0.031429786573
0.00246533179895
0.0169414017863
0.04925425037
0.0756425442017
0.0151722600778
0.0222473815853
0.0213804962846
0.0167788509227
0.0285524759969
0.0154800841169
0.0363459417773
0.00913707026746
0.0204401049078
0.0274834518749
0.0237040816073
0.0265203971323
0.0181528174136
0.0309334849343
0.0330248475488
0.034074155413
0.0478217864863
0.0243082302957
0.0340214693949
0.0310267420286
0.011581892348
0.0598305190329
0.0269880013818
0.0393190403679
0.0167142222631
0.0468791226745
0.0559855030962
0.012507248246
0.0396640181211
0.0685093156623
0.0199283851243
0.0354813978471
0.0330190797044
0.0107920453634
0.0236233792516
0.0783363582603
0.0501192803028
0.049527330779
0.0108383914169
0.0365177624174
0.0111866441691
0.0153916777673
0.0167832717616
0.00703073631299
0.0278362441371
0.0258415614853
0.059060798443
0.0267053976368
0.0307160045636
0.0632849975507
0.027033483835
0.0309994002913
0.0338968302953
0.028158029845
0.0285138224279
0.00925350897262
0.0136193452843
0.0598641215295
0.0149153200408
0.0444430052919
0.0181943367932
0.0144449192961
0.0192982679637
0.0286111751303
0.0436783773481
0.0135574087291
0.0397567426033
0.00764987386961
0.010681677272
0.0372177311993
0.014399473672
0.0159814269366
0.0297713020581
0.0158988311185
0.0248498052891
0.0495233771383
0.0165120827267
0.0196552653077
0.0333142113763
0.013561654019
0.0337748058474
0.0247709310496
0.0216149116171
0.0860861520201
0.0289613692264
0.0675828417713
0.0283254174673
0.0162843969879
0.00285171679117
0.0120438044884
0.0180868262083
0.0239491466101
0.0371934419589
0.0289266461915
0.0166192003213
0.0332049108057
0.0308215534692
0.0171303433168
0.0250043858827
0.0648904969034
0.0270498391793
0.0277619787063
0.0207005746241
0.00939630286047
0.0227973656331
0.0182951726666
0.0348628020148
0.00557332968236
0.00371171544844
0.0101851720846
0.0164580278914
0.0298207856423
0.034197992639
0.0225315218027
0.0231932059206
0.012039719396
0.0127400653766
0.0516738791819
0.041662146827
0.0340915414579
0.0240019443952
0.0195071700916
0.0423241772963
0.0446179163921
0.0142228264998
0.0257772023757
0.018115416228
0.0305160738804
0.0424998168208
0.0269588609419
0.0179958313774
0.036362879429
0.00978851018744
0.0089345867696
0.0405851655094
0.0168501860864
0.0239296134721
0.00473873186174
0.0208579738687
0.0299324993613
0.0248951097705
0.011375271435
0.0388361240275
0.0273375165634
0.0243019269535
0.0379065953406
0.0201162171585
0.0382379520899
0.0554506699144
0.0334672993671
0.0212773902892
0.0241031047264
0.0237573250267
0.0254635592133
0.00899993817411
0.0124309957475
0.0180615093237
0.0189632832637
0.0296048569636
0.0127235650668
0.0190938946204
0.0295075402485
0.0512925126948
0.0269891317459
0.0228736382727
0.0179796989352
0.0218678726254
0.0181338236174
0.0119581148536
0.00960924566055
0.021431943103
0.0225513397645
0.0163939852866
0.02898031696
0.0256734519695
0.0544081254269
0.0159459150974
0.0274473038879
0.0284216127185
0.050144468878
0.0142805684663
0.0119734706752
0.0559111676714
0.042227861654
0.0242894812233
0.0223270210215
0.0337621293992
0.00995046559994
0.0299747895038
0.0275245530192
0.00883318861081
0.0266988790263
0.0232621508084
0.024549297028
0.0202462526451
0.0208813846494
0.015255186976
0.0293579281591
0.0101672735898
0.0272893131197
0.0078751554554
0.067795670694
0.0414529775035
0.0121689186307
0.0226272516407
0.0168447849496
0.0486321138397
0.0136979160263
0.0450192650466
0.0231162155364
0.0130139615098
0.0380201551509
0.0237052229483
0.013504579835
0.0172055605098
0.0204364525665
0.0121309470206
0.0385272954155
0.0211235104772
0.0170227334783
0.0126398928884
0.0181736273609
0.0240343517988
0.0449945735741
0.0190418221089
0.0296695009707
0.0166447714492
0.0191504268844
0.00942335668563
0.0149765923764
0.0177170757559
0.0341377383338
0.0218796603603
0.0290200123946
0.0236085135455
0.00665242068358
0.02761713108
0.0339126555418
0.0426778899361
0.0351786625124
0.026694161129
0.0320403750545
0.025867101406
0.0289039233742
0.0208957806223
0.0369079193945
0.0160245998233
0.034002156435
0.0184549012581
0.0684317377429
0.0212776963569
0.0146068106816
0.0291533934884
0.0249642104232
0.0538327491145
0.0142775269552
0.00887285843093
0.01955429002
0.0272779923805
0.0452019310609
0.0279575293616
0.0466348322896
0.0220083659259
0.0339356229797
0.0387060345688
0.0240120076255
0.034100482174
0.0349228579085
0.0146263414623
0.0152506058769
0.0272756628651
0.0422767401078
0.0455163543365
0.0366813753781
0.0267381382274
0.0393079300455
0.098457400717
0.0533025934942
0.0130418210613
0.0317825860053
0.0172841561786
0.00937206401386
0.0232096994338
0.0193517388497
0.031026437515
0.0299396045724
0.0608280162286
0.0204575816303
0.0101367409699
0.033068835687
0.0342281344325
0.00950229390813
0.016043680422
0.0318183512582
0.0443413253807
0.0147054175066
0.00929753365588
0.0282691567237
0.00637687067758
0.0499711653329
0.0211427102661
0.02021378984
0.0186865731306
0.0222054011285
0.0256622539813
0.0371090673742
0.0313944924595
0.0118206938901
0.0120219839084
0.0263971679668
0.0248727328933
0.0227649610863
0.0308734884589
0.0128221981159
0.0388262182385
0.0272735138141
0.0310610119794
0.0267409345181
0.0237074022222
0.0371600119999
0.0322209234233
0.0276596846592
0.0112277518379
0.0331485606785
0.024030933908
0.0294839012783
0.0167806278279
0.0303393626244
0.0407819097178
0.0213808699151
0.0252667564616
0.0407430414121
0.023972319117
0.00822451447477
0.036533699206
0.0144405565478
0.0685510553907
0.0240634537572
0.0104249786286
0.0206540378808
0.0657097452604
0.01651091675
0.0145239171261
0.00818069567659
0.0285298238061
0.0292714242263
0.00741771019448
0.0211560513546
0.0204276274332
0.0169149625203
0.0352159264224
0.0163766868912
0.0119082969521
0.0228779959676
0.0407291243916
0.0103020224437
0.0288069346449
0.0334673898813
0.0259316708752
0.017571514234
0.0519289404088
0.0245208123157
0.00792760040433
0.0202427863808
0.0281243132934
0.0431226175194
0.0505939340669
0.0860286638135
0.00855404721967
0.039952654142
0.0255478807331
0.0369797261567
0.0546197336246
0.00783305144461
0.0125286254029
0.0151260463629
0.0362350332943
0.0125427589966
0.0139582901739
0.0451044299303
0.0131222364457
0.0106148867242
0.0357545913196
0.03157511345
0.0250206419804
0.0370090047116
0.055462262469
0.0133232964743
0.0211333373994
0.0276235256856
0.0106883103331
0.027312838206
0.0183397882794
0.0348159822164
0.0320421947093
0.0365514424544
0.0507015678917
0.0166962506925
0.0400916284425
0.00933691095664
0.0223542170892
0.00749605119857
0.00444159325341
0.036697227003
0.0254835781555
0.035773988934
0.0555463209882
0.0178172788306
0.018131993324
0.0333791779443
0.0215127313341
0.0630261878895
0.013714226703
0.0268913575188
0.0438018328585
0.0520086607026
0.0597173478796
0.0299620899172
0.0332685370543
0.0133160217678
0.0196629455181
0.0299531968271
0.0235733611506
0.0127476670528
0.0170738195375
0.0290093083359
0.0267552376281
0.0160440963421
0.019957500746
0.0236813250594
0.013094426202
0.0305771659408
0.0311944048228
0.0337224046241
0.0398493277212
0.0308218045282
0.0374011987273
0.0092374933818
0.0326769675254
0.0215374776248
0.0590048413471
0.0492825216069
0.0165149493194
0.0435055181917
0.0217098316746
0.0378283953419
0.0228233118075
0.0072574432008
0.0267472046641
0.0288588453066
0.00372584978269
0.0177441301925
0.0459857700358
0.0114183377211
0.039843886456
0.022173792978
0.0288574320202
0.011155280843
0.0434506003852
0.0354793825281
0.0317623108954
0.019512941558
0.0292090513179
0.00847932764764
0.0126031217563
0.0180395519819
0.0341436413606
0.0392693195101
0.0260896140682
0.0201284867137
0.0207569655502
0.0170677821352
0.0100647337049
0.032321179842
0.028687059832
0.0128662745673
0.021173592397
0.0223803370235
0.0260435144379
0.0260152482419
0.0230131196433
0.0139917223278
0.0107757693226
0.00958253574586
0.0294641804121
0.0532500395878
0.0456872719251
0.0136425597618
0.0464141698529
0.0210484947218
0.0262139670646
0.0155504633325
0.0322799355712
0.0242735993035
0.0273603861607
0.0289978325482
0.0118349643804
0.0457059549773
0.0213042300775
0.0306448562735
0.0245295045414
0.015289239338
0.0648634795097
0.0115395327969
0.0277686254481
0.016697946249
0.0242344988517
0.0108128483358
0.0198273745174
0.0306172121008
0.0194718134161
0.0705189405846
0.0170186678498
0.0263154900117
0.00560869326901
0.0289652424366
0.0184333310973
0.0239315527578
0.0188497908847
0.0137437680006
0.0212649960112
0.0421141446536
0.0730743801741
0.0542326382156
0.028776959525
0.02962182051
0.00562420311002
0.0307029554933
0.0133598693606
0.0152535556214
0.016289392556
0.0242130875991
0.0494132788998
0.0293446707456
0.0302942751677
0.0320674112541
0.0216554380435
0.0125951713737
0.0146069131234
0.0376725454493
0.0517993408154
0.0709804707116
0.0218500792888
0.0198604643616
0.0244460402611
0.0234472948798
0.0552859773731
0.0291597550892
0.0435977242373
0.02542854592
0.032549707833
0.0317388576484
0.0245068183731
0.0297673748149
0.0256545399639
0.0172862587873
0.0229538606522
0.0287826664119
0.0282766522066
0.0242854334233
0.0269310273071
0.062985224177
0.0188821221768
0.0195410290727
0.0156158169367
0.0149232070681
0.0324809575657
0.041819981687
0.057991503392
0.0323360583992
0.0352271076761
0.0298126847248
0.0188175111656
0.0504795310879
0.0374646321623
0.048432115589
0.0269137412095
0.0279432788281
0.010740885361
0.0439198407825
0.0196296661414
0.0145393584112
0.0263068550071
0.0123896334292
0.0103719269399
0.0399257772
0.0116592075249
0.0293700189506
0.020893040635
0.0391221172517
0.015170758924
0.0409804891554
0.0131328260283
0.0142277410839
0.00736871905934
0.0124393960354
0.0237592579007
0.0210156432065
0.0282917752187
0.0229761680513
0.0252688926296
0.0230763523998
0.0551940560524
0.0197587672025
0.0379318083191
0.0632023327548
0.0299273395471
0.0338293447335
0.0155047559131
0.0386999399998
0.014896361557
0.0314628750788
0.0769633358968
0.0506162484566
0.035915938246
0.0146589775551
0.0427909809024
0.0300233206089
0.0435756742322
0.0385929594404
0.0175451440806
0.00928749394256
0.0154515558205
0.0284360907186
0.0146357362298
0.0464462687671
0.0151150744096
0.0218203523011
0.0121212653324
0.0183885351056
0.0200219115241
0.0532018093394
0.0344563467377
0.0294407829934
0.0592659452338
0.00941177527802
0.0525124347744
0.00585338086641
0.0191699635454
0.0184063906945
0.04416669618
0.0470338655231
0.0200969082172
0.0235202375516
0.0324774566578
0.0172961286789
0.0212368326759
0.0320954283338
0.0155970605807
0.020377803619
0.0354592249312
0.0394751008935
0.0365900284181
0.0303677425095
0.0351944065313
0.0157053060991
0.0212484923341
0.0343924944413
0.0328960844593
0.0174770611988
0.0283558646795
0.0243581457649
0.0151042757209
0.0339854113367
0.0172015818926
0.0572404644953
0.0316743306032
0.0404301272698
0.0389723622575
0.00676670823163
0.0442436508078
0.0153740091914
0.0426964445267
0.0256902459639
0.044367269178
0.0528289846541
0.0318148891944
0.0755150473784
0.0291306697931
0.0158286100553
0.0332205401207
0.0272403127434
0.0197814125146
0.0087073409008
0.0360663683969
0.0165039735121
0.0147075466174
0.0246823073533
0.0251265213551
0.0240173228044
0.0325217087819
0.0187137064133
0.0314777941691
0.0111980155207
0.00981270262406
0.00596049076142
0.0276174859441
0.0229854292585
0.00679863747934
0.0222915265248
0.0346865017563
0.0161776474941
0.0139149816224
0.0226509262975
0.0256336669205
0.0170780058223
0.00942857239358
0.0811014054876
0.0490826668389
0.0233742917199
0.0355180606337
0.050752702705
0.0331569962982
0.00860344881872
0.0129712441511
0.00742195087692
0.038479911417
0.0129341309348
0.0198997113137
0.0316120931503
0.0492775536431
0.0125744560464
0.0324210603136
0.0135819452333
0.0525067606257
0.0240242831191
0.0111635423151
0.0212863334431
0.0170474891984
0.0325044877435
0.0307223654733
0.0350260693801
0.0185545757395
0.0324923540162
0.0323521849883
0.0277340204367
0.00868256717085
0.0392546454461
0.0429827826625
0.0400781116842
0.0191720892688
0.0236004779927
0.0450547976413
0.0833898749685
0.00912610657697
0.0267998301968
0.0248405374171
0.0257880502133
0.0109593832332
0.0229044956682
0.0236944571431
0.00668216803597
0.044163971476
0.0169384022543
0.00393400804508
0.0400924580067
0.0188569844104
0.0102407508372
0.0407072909042
0.0452324707037
0.0343611661875
0.03400887403
0.0170246467341
0.0291290064853
0.0434511672211
0.0359546105611
0.0348624673851
0.0947964832122
0.00956539156181
0.0201961569765
0.0149155586243
0.0384145636828
0.0417829217749
0.0141114316671
0.0188593605847
0.0559116676382
0.0306893833596
0.0137568198792
0.0167276594874
0.043341475995
0.0326339686135
0.0223180245552
0.017979858911
0.0189223763089
0.0118139255568
0.0190539850873
0.0196029227693
0.0294718551612
0.0119454587901
0.0220273776138
0.0395456781416
0.0215835740587
0.0289810471605
0.0257419094464
0.017490306018
0.0118578484085
0.0188528629445
0.0388808749643
0.0183658615199
0.0105903126287
0.0319612298267
0.0245066606892
0.0111999776521
0.0334856396256
0.0400111902371
0.0273471517751
0.0237659860491
0.00743440607979
0.0291822346854
0.0237585042497
0.036248542864
0.00815361291723
0.0447746470562
0.0423243920369
0.0271963984203
0.0282676401008
0.0219971420368
0.0245480354483
0.0354522735662
0.0650300381524
0.0237365726848
0.029385093715
0.0134870899471
0.0118708943895
0.0164556923825
0.0231155019159
0.00749222010063
0.00822781718106
0.0282439347329
0.0286891955704
0.0213903001355
0.0412486629354
0.0232216550248
0.0146136642942
0.0260541637751
0.0351003270731
0.0144636006756
0.0320640941594
0.0408323888743
0.0526322737871
0.0194063307256
0.024035474639
0.0418075877803
0.0325490131289
0.0204367764447
0.015434138531
0.0116924436945
0.0347141835581
0.0209472692989
0.00864249460253
0.0333513921745
0.0428324439931
0.00858061683187
0.0271968152668
0.0148721904413
0.021900017378
0.017991681105
0.0270772609829
0.0306148166424
0.029472863811
0.0283718286564
0.00785291344241
0.0479393058905
0.0594759651197
0.0194041734707
0.00727821821761
0.00791507871054
0.0120091697674
0.0310330928774
0.0406302550932
0.040390551702
0.00970551859129
0.00860571544251
0.039362972148
0.0174941393632
0.0103334249554
0.0394911768422
0.0155802800454
0.0279249601658
0.0295769224895
0.0449861235837
0.0243721682094
0.0614884123716
0.0560679703079
0.0206282321389
0.0615759567414
0.0123568582226
0.0262648874825
0.0123490494058
0.0333728836017
0.035795996939
0.0333632673171
0.0113670887514
0.02424573424
0.0364222608439
0.0278475196747
0.0322592149624
0.0416570192018
0.0128872555814
0.010612279363
0.0125388472854
0.0289515696547
0.0104525456488
0.0184346187041
0.0347509801734
0.0556081829682
0.00661589017512
0.0329437384129
0.0176617002189
0.0345913096602
0.0273233589357
0.0408759759207
0.0360312582539
0.0350560264889
0.0220911121053
0.0224876862779
0.0158506310279
0.0418840104673
0.037016352848
0.0344969386456
0.0283599286916
0.013652075735
0.0204833209695
0.0322721241267
0.019390256381
0.0109840494749
0.0461949370902
0.0297392587579
0.0277850801766
0.019600031715
0.0322990443903
0.0408658270819
0.0249396930452
0.0333993180073
0.0351922291327
0.00801698975148
0.0337264936847
0.0134478238896
0.0184520139417
0.0281725497257
0.0297326388864
0.0257770102625
0.0149977863334
0.0368695622331
0.032834485948
0.0419075861525
0.0232449533252
0.0634876861608
0.0631070157067
0.0141899332545
0.0133845105539
0.0480445178005
0.00376580065726
0.0382774260265
0.0150757034249
0.0117734708926
0.0561022239502
0.0104736572371
0.0164824494836
0.0156923350013
0.0463496282123
0.0459430220517
0.0154316797261
0.0302640329477
0.0192612654174
0.0478951675018
0.0264713114002
0.0252785369538
0.0411671454962
0.0237248777683
0.0266114480002
0.0166650049724
0.0185044109563
0.0452916507819
0.0156243555238
0.0214131931508
0.0252472312808
0.0200896450723
0.059655660382
0.0157384339796
0.0644282718269
0.0149140744546
0.0362129384146
0.0356941955845
0.0507762358222
0.029231176192
0.0252340651593
0.0279577679842
0.0283677409361
0.0250271607377
0.0124217700248
0.0256182353529
0.00723048611103
0.0341804055739
0.0285061504984
0.0479427715025
0.0523418804476
0.0259299018888
0.0205541188801
0.0289093326237
0.00801965112384
0.0270831451891
0.0190018242675
0.0172014860069
0.0187471981499
0.0183511069936
0.00906163341628
0.0128971290602
0.0226303995796
0.0205922251126
0.0448858156202
0.0138582142391
0.00756484307812
0.034696078855
0.0283149355874
0.0732385998214
0.0164082713697
0.0192831126592
0.0241255995771
0.0372704050342
0.0449584793671
0.0112532686921
0.0417248844164
0.0561978885363
0.024765997027
0.0237337594617
0.0178213134147
0.0378652382944
0.0169257419161
0.0298222875615
0.0333659251968
0.0323305399986
0.021274933209
0.0202816908783
0.0141215272458
0.029180667393
0.0986717560716
0.0232220318402
0.0241132248889
0.0129715726017
0.00658566960866
0.0199833760831
0.0635295759111
0.0305001912409
0.0117737069259
0.0190666905443
0.0496738395524
0.0216505918985
0.0251835517343
0.0275499337089
0.0319510622712
0.0125767837781
0.0248302619511
0.0143086716497
0.0100707667588
0.0118403658247
0.0208587964222
0.0233526879189
0.0265029912722
0.0307258060446
0.0439987264796
0.0131423822019
0.0278399753967
0.0215901931233
0.0360407233375
0.0088125853481
0.00765263177828
0.00896688688127
0.0354774060918
0.0188727987067
0.0271237702926
0.0189236354232
0.0165436165011
0.049454814431
0.0126458770836
0.0597214322843
0.0453655650043
0.00680931243665
0.0140471525143
0.0536786563609
0.012167899981
0.0108359960825
0.0360552798044
0.0395314213631
0.0478219422122
0.0062583877728
0.0151819844434
0.0424862573447
0.0248759535492
0.0363527061585
0.0247565903142
0.0186628541539
0.041394086371
0.0415206774646
0.0153315965402
0.0231828288934
0.0158927559172
0.0243501919453
0.0150633314336
0.0226769996155
0.00503736083692
0.0240563569025
0.0277682899752
0.0496790328219
0.0133657540667
0.0422656986293
0.0259189330985
0.0600735072107
0.0181667599903
0.0116157298004
0.0161244465981
0.024590847335
0.0727884832358
0.0320248116823
0.0328786995109
0.0283184882348
0.0132030745352
0.0103095610593
0.00879972982546
0.0195469951396
0.0386504337212
0.0245675056002
0.0315088780482
0.0201377902483
0.0107101265275
0.0222014156215
0.0171700683683
0.0234005158615
0.0232179003329
0.01984731189
0.0235026960193
0.0168656878119
0.0335771213578
0.0224660523585
0.0739163616349
0.0247112679576
0.0294943551428
0.0113864314866
0.0204848662384
0.0154404495253
0.0260282085471
0.0178959738552
0.0314959958359
0.0232661173045
0.0150621417367
0.00771431607802
0.0328936725553
0.0275764617196
0.0231324173423
0.0574445411173
0.015997892935
0.025662840006
0.0264188899319
0.0139253904604
0.0154193178059
0.0500087950782
0.0188880440321
0.0232891393538
0.0178052355579
0.0158833117687
0.0211703535362
0.0287184688828
0.0283201537058
0.0245889382262
0.0192827220453
0.0277455409904
0.0236348530104
0.0222826268127
0.0163373153628
0.0418254688892
0.018977591385
0.0378564221406
0.0233732593148
0.0128473605648
0.00887339366461
0.0261601688381
0.00689276077402
0.0754731120337
0.0185244484245
0.0142102653674
0.0268653220083
0.0296732238376
0.0092465050338
0.0341959541772
0.0173344739918
0.0944414407277
0.0203920369007
0.0279779020694
0.025453838952
0.0197528452524
0.0363340506914
0.0400627860055
0.0160192998593
0.0383598877274
0.0355517659511
0.0127461099204
0.0304831882714
0.0278991704569
0.0208348127589
0.0553283887815
0.052888701528
0.0120560259839
0.0332537714924
0.0432203633348
0.0334223806818
0.0397178002262
0.0228356380556
0.0175581663252
0.0532657483453
0.0181605234426
0.0247736415561
0.0251071620856
0.0288410223121
0.0233226949569
0.0147587705994
0.00931377901955
0.0337314576856
0.00967977218658
0.0153143299596
0.0092487536683
0.0153679313537
0.020035100749
0.0534540115667
0.00310799657134
0.0229223192211
0.0577699184807
0.0353400415717
0.0190911194073
0.0207354733357
0.0325308581801
0.0314852528484
0.0201142489843
0.0170157050352
0.0202502805869
0.0176611179977
0.0407321589617
0.0103590862643
0.0250648280991
0.0187087696968
0.0328117557847
0.0488572631896
0.0995756769794
0.0321137436224
0.0375809282654
0.0292522937839
0.0253003665135
0.0418603219443
0.0200849802775
0.0186169570386
0.0275741535724
0.0201578957272
0.0400797234048
0.0261255677707
0.011961053201
0.00673995315353
0.081106315683
0.0459336107754
0.0125729203824
0.0329588149295
0.0387802841218
0.0200685141079
0.0158073613279
0.0138665805556
0.0210084343404
0.0299752583488
0.0294725054875
0.0590579687846
0.0241669538927
0.0254556886755
0.0140726866027
0.0122231365166
0.0151764489056
0.0311321197206
0.0205915309895
0.0423522353502
0.0379716672243
0.02755941342
0.0278083587348
0.0219306841649
0.0244872318946
0.0432361775368
0.034800521257
0.0615939713569
0.0448085817941
0.0517936999107
0.0187461170907
0.0205126780083
0.0455859431563
0.0311156483586
0.0322106653689
0.0327502862966
0.0192733339156
0.0025969076009
0.0184945400682
0.0259581409549
0.0317148343851
0.0214605291732
0.0170977466998
0.0183233056244
0.020038784754
0.0577638369756
0.0388758200586
0.0165598956804
0.0111886228789
0.0312682079233
0.0524195661673
0.0208993182416
0.0274408262536
0.0595536751321
0.0135534337294
0.0205088727227
0.0261000664424
0.0172123377502
0.0262736163127
0.0318063744592
0.0292816275548
0.0418017340899
0.0065756470244
0.0120377976222
0.0230397627918
0.0450297097085
0.0277592198785
0.0252950777012
0.0100498728338
0.0149592734602
0.0298203940921
0.0311158762071
0.0168464362727
0.024390058642
0.0209184541339
0.0276154905902
0.0192146596223
0.0129868709054
0.0303100602124
0.0155932122059
0.0433027014493
0.00683076550035
0.0166501472646
0.0207942400206
0.019786451458
0.0128262951449
0.0135148579393
0.0267909998279
0.0308335372969
0.0101614000362
0.00948525135666
0.0369322792091
0.032058130985
0.0284211746989
0.0260398877881
0.017074403525
0.0418017896949
0.0172756646335
0.0220262225804
0.0301984732689
0.0139267866946
0.0335429627839
0.0328422541678
0.0169438068117
0.00810456862062
0.043951561351
0.0200505150084
0.00962904688789
0.0422603665587
0.0439277337786
0.019472534828
0.0402492458834
0.0140503188751
0.0310999208451
0.0141241686791
0.0139207468226
0.0431347299769
0.014555610873
0.0163995964797
0.0505292959639
0.0535898390769
0.0169688222785
0.0120519140277
0.0517454781666
0.0396141665686
0.0106897988404
0.00676137475326
0.0223423198589
0.0246493590832
0.00830624366531
0.0291413333388
0.0329834707368
0.0252979788136
0.0195888791278
0.0770677902564
0.00905498305096
0.0433718997409
0.018403787177
0.00974585710672
0.0216440894674
0.0681518010306
0.0407148007242
0.0225561640832
0.0187854976269
0.0166367311982
0.0748313378889
0.0164738896181
0.0278307825394
0.0149962949759
0.0162012746745
0.0213720918584
0.0450114478543
0.0167879369787
0.00893436587957
0.028046305252
0.0363137144659
0.0345728378509
0.0210953175332
0.020696851439
0.0358952426367
0.0501280175632
0.0299081737961
0.0229615099919
0.0253249870128
0.0200677814106
0.0199476460604
0.0196097092243
0.0474941701907
0.0555841490483
0.0377077878381
0.024060584753
0.0266100793674
0.01659821396
0.0338580882328
0.0111685872297
0.0252313170655
0.0131674701312
0.00159480020823
0.0295618363412
0.0147765561115
0.0217469159056
0.0374699722969
0.0188559409876
0.0356452296532
0.0134112868623
0.0195633128701
0.0108185586583
0.0191719574
0.0228313734978
0.0363408022212
0.0461585137964
0.0199526286954
0.0415016274167
0.0406627198223
0.0448189866757
0.0186906812974
0.0293190478395
0.0310072431556
0.0404295202412
0.00565139030858
0.0209271744492
0.0266787466366
0.0250494488663
0.0231376506922
0.0231612729728
0.0137981166705
0.0496185483767
0.0165011523168
0.0656292771031
0.0147792943292
0.0265732454704
0.0440295156912
0.0125694457434
0.0340429743999
0.0334032694469
0.0382590335521
0.0185637931379
0.0198350537931
0.0585385158407
0.0360669024487
0.00804294445338
0.0297486454029
0.0334993249601
0.0413339158337
0.0165095464614
0.046312883308
0.0283751869016
0.0118540396882
0.0267251037583
0.0165828846912
0.00635886789149
0.0127164688995
0.0282009854947
0.0111846887126
0.0708678838029
0.0131732954289
0.0264495984111
0.0166318757993
0.0328660439543
0.0227632911894
0.038220777223
0.0329465444432
0.0384825783351
0.0233246453998
0.0397056376708
0.0280286543961
0.0243175774743
0.0215810637663
0.014393033965
0.02588173317
0.0165932112364
0.104685403233
0.0597988826961
0.0322488370487
0.0169976248496
0.031151845782
0.0157858092338
0.0482239655331
0.00903615168358
0.0210922131155
0.0522255542016
0.067649112491
0.0765371513848
0.0233444822885
0.0269867312811
0.0069633935011
0.0130300050399
0.00635221020456
0.0243213946868
0.0142970727708
0.024796784724
0.0535160477258
0.01288545011
0.00177133402749
0.0338273475603
0.0281113453608
0.0155822906761
0.0330963171825
0.0355470535917
0.0184906910769
0.0403847749094
0.0252017834186
0.0212127185219
0.0154467058166
0.02897284151
0.00672606722894
0.0130133546274
0.010987096007
0.0693715924047
0.0246569843395
0.0429245449473
0.0338455037638
0.0408025905884
0.0295276074759
0.0146305719901
0.010715899958
0.0111117357744
0.0698480831315
0.0191664296908
0.028687087298
0.0259828427634
0.0235711791593
0.0261794145639
0.0168327300945
0.0482499009534
0.031930531824
0.0317793711341
0.0259400143144
0.0298100981774
0.00518211508855
0.0323532435128
0.029482393245
0.0106781424558
0.0109405627897
0.0229477339896
0.00599213033233
0.014652268065
0.0294539999609
0.0344305758416
0.0361695298295
0.00768852013505
0.0592783432632
0.0128670315219
0.0111605067114
0.0346072228625
0.0476049095028
0.019323960984
0.0206330564237
0.0136612791935
0.00836823322342
0.0103531321144
0.0172076738197
0.0429789343516
0.042395870989
0.023353915699
0.0295160035308
0.0356973180744
0.0336760077516
0.0348226428005
0.0253720115335
0.0356134819444
0.0180792260924
0.0306172345477
0.0238800579179
0.0265623535458
0.0262405489374
0.0225569893908
0.00835920917623
0.0371643934486
0.0156788456765
0.0213907643924
0.0210644081459
0.0299030226308
0.0390883211503
0.0299733422941
0.0546871638731
0.013964684289
0.00582255573693
0.0275770670397
0.0327040423567
0.045509411713
0.0293408050667
0.0384997219648
0.0209158297692
0.0211991700104
0.0277844145426
0.0101410164021
0.0408502022628
0.0277035311805
0.0172784574256
0.0358751100198
0.0124797441557
0.0300688901614
0.0147047599329
0.0291927042586
0.0325320714475
0.0232360720991
0.0147341423805
0.0100312882345
0.0309242077337
0.0259231186762
0.0135772120237
0.032599429153
0.035435585964
0.0127669112385
0.0254367454786
0.0216376622768
0.0154260629687
0.0260185321294
0.0164661136016
0.0123363306712
0.0638265547654
0.0325479434182
0.013380060033
0.0175034025215
0.0229079673583
0.0161059894433
0.0673134525397
0.0302282455246
0.0197747601085
0.0264373419109
0.0607058234137
0.0207769346748
0.0122601080753
0.038631412265
0.047466073256
0.0126149630844
0.0510958351026
0.0218852081397
0.0232966463247
0.0051144991003
0.0675880309948
0.0232112483527
0.0206984097466
0.0568346732416
0.024213305778
0.0220556374053
0.03164610349
0.0232769225688
0.0263949331437
0.00682881675803
0.0217690144845
0.0548048672048
0.0440240522012
0.0250630967353
0.0124070986491
0.0449764486462
0.045759600085
0.0180281034341
0.0414872817553
0.0509056235819
0.00921489953269
0.0376644276876
0.0142410301716
0.0341594021063
0.0432076304309
0.0317758954087
0.0115339709145
0.0279448730276
0.0085405631903
0.0392503091047
0.0162354634076
0.0061601208112
0.0433917702269
0.0314870144449
0.0253901840515
0.0195170304706
0.0378161436836
0.0387161045419
0.057103741513
0.0938310735675
0.03195701193
0.0663705997726
0.0176910018882
0.0374077143169
0.0341531686405
0.0367422397715
0.0144251390738
0.0298397963576
0.0333435912809
0.0458722536426
0.0259852312131
0.0234344568112
0.0335705611589
0.0185909513267
0.0151469825185
0.0285452843563
0.0120493092153
0.0177285283959
0.0337328735051
0.00392553962869
0.0165054980709
0.00494236495937
0.0577187001624
0.0486443039402
0.0202922687339
0.0340348416368
0.00983560270962
0.0114277390857
0.0144589373312
0.0238754034099
0.0309357362541
0.0374867478151
0.020281848745
0.0126089582409
0.0215153000712
0.0168773614199
0.0245091682224
0.0590448177089
0.0224309323786
0.0350549304232
0.0208742921477
0.0450229187577
0.041757507103
0.0296643659556
0.0254522223243
0.0348281122846
0.0633126105179
0.0294721813351
0.0274963972891
0.0404938104976
0.020312498438
0.0315862316516
0.0388625488872
0.0208727171556
0.0342839858518
0.0351687787273
0.0415582042223
0.0210353174916
0.0542709023485
0.00782645794192
0.0560173264382
0.00746935662421
0.0607418433045
0.0422048374593
0.0584327264948
0.00918462926878
0.0119920901727
0.0265986297622
0.0107364694603
0.0142799901381
0.0158297810201
0.035993789602
0.022447817039
0.012042597717
0.0222332030364
0.0694857890444
0.0264559677076
0.0225805559354
0.0422363690279
0.0189592657371
0.0267977936779
0.0208733887448
0.0197134819786
0.0206577638104
0.0173793968088
0.0241775849736
0.016278259955
0.0411247652934
0.0461941262468
0.0261783475637
0.019534157964
0.059676522641
0.0373191529463
0.037748214427
0.0221286140404
0.0337199439422
0.0444603730563
0.03318420439
0.0244077350817
0.0168097072669
0.0251485433816
0.0154290564727
0.0527044294514
0.0390585444537
0.0100902317556
0.032087071197
0.0395644538445
0.0501025819126
0.00409012621606
0.0234249773083
0.0242086283979
0.019621741807
0.018202053854
0.0389844615239
0.0154501896158
0.0569794567994
0.0345690960035
0.0164248579343
0.0268527552811
0.0298212818278
0.0362469261739
0.0241338117891
0.0254380418559
0.0255084066594
0.0131078816589
0.0374688967811
0.0163580597376
0.0430170469048
0.0390528716405
0.0385052883978
0.0331190973446
0.0136796698617
0.0341970809606
0.0376937141503
0.00823289972281
0.0205045226544
0.0330394109986
0.0252042430012
0.0698451025586
0.0209663482757
0.0283105971005
0.0381412172353
0.0130854513856
0.0149237524097
0.0322531695031
0.0141203197398
0.0345558415344
0.0182978312892
0.017999640354
0.00815913253672
0.00574147919828
0.0315176871689
0.032618221928
0.0212737298405
0.0446723994886
0.0232388277494
0.0185285475483
0.0207356611043
0.0108130827988
0.00636138451186
0.0221773704891
0.0365759508768
0.0251306061886
0.041539428605
0.0448562953996
0.0237988711303
0.0208644853907
0.039475338068
0.0195685597902
0.0248023300864
0.0340166511775
0.0565627367455
0.0100384009874
0.0343954990473
0.0143597040956
0.025664593462
0.0328150483055
0.0641431321289
0.00911176718956
0.00961683937084
0.0248705795181
0.0317684664503
0.0658665986087
0.0549164549987
0.0774941138621
0.0370468364115
0.0363756466644
0.0284276906896
0.00912773890142
0.0852365674287
0.0257244600066
0.0471511408959
0.00924839310149
0.0320254627021
0.02351058569
0.0137422146543
0.0228598871751
0.00968767248763
0.0189125868908
0.0178743628122
0.0294361968641
0.00564615791624
0.0174460296601
0.0542744964593
0.0276618484294
0.0132693977141
0.0352565998555
0.047861548389
0.0297996923873
0.025376526258
0.0172807434689
0.0365561600123
0.0116954615864
0.0183333065173
0.00981214950789
0.0283351901223
0.0254048220634
0.0158108624524
0.0297433173502
0.0144805426314
0.0296410541415
0.0345532459866
0.0295425682739
0.0121054427947
0.0442866685141
0.0134739918002
0.0404846630669
0.0420063566825
0.0238416145011
0.0108201779806
0.0531600750821
0.0356343617452
0.0131012399018
0.0674057960949
0.0396480780209
0.0311058227917
0.0187728508637
0.0204690907901
0.0311276838785
0.0449734187994
0.0362236600696
0.0134841515632
0.0346062717539
0.028611593546
0.0235172775798
0.0123439210251
0.0601066645953
0.0329871669843
0.048119472315
0.0369191660912
0.025815505037
0.0235084801197
0.0312162758254
0.0179901201092
0.0237266958212
0.021183767101
0.00894102207645
0.020200885098
0.0284137749534
0.052137955296
0.0201186811885
0.0451212078173
0.0366825299103
0.0375357990701
0.0230418280919
0.0295881105321
0.0102699039318
0.0194926166637
0.0613995715123
0.0262596765041
0.0311387728353
0.0218054004278
0.0107967390307
0.0139134896081
0.0267154049008
0.0327674091038
0.011428385348
0.0388765576908
0.0786516154746
0.0275221004918
0.0170733687611
0.0311267020542
0.041329193249
0.0478933040134
0.0119792675963
0.0159355790151
0.0331346963334
0.0251751280026
0.0252242987883
0.0610693442278
0.0283756404848
0.026980967999
0.00862525175913
0.0450960504364
0.0128956167697
0.026041808234
0.0282854875018
0.0352998555381
0.0238903074564
0.0478145632058
0.024039295257
0.018108334321
0.0181072990496
0.0317267774888
0.0332727583441
0.0453620508685
0.0552371802816
0.00882328729508
0.0366548119469
0.0198234277083
0.0177952427432
0.0331353777019
0.0590707809842
0.0311399966407
0.0337783736739
0.00837207028196
0.0318869616633
0.021104215372
0.0311552214026
0.0229626983216
0.0219301147495
0.041114565469
0.025622153148
0.0330035725181
0.0123000730552
0.0275004381092
0.0110835594492
0.0317152328867
0.0193022457349
0.0365662240653
0.024601518361
0.0323969054811
0.0326263451962
0.023624618715
0.00751367180009
0.0458806886732
0.0390492846217
0.0210482251212
0.013338687727
0.045092053376
0.0279609506573
0.0504312019327
0.0243717867201
0.0454375707623
0.0525500933025
0.00957382047705
0.0201787807074
0.0229115271
0.0131356467262
0.0352836860031
0.0124410492427
0.0341261142465
0.0202710068749
0.0168436030172
0.0234200316013
0.0063855516025
0.0217823969581
0.0389776024663
0.0391625998276
0.0256318531368
0.024142050522
0.0304278115495
0.0312507140401
0.0301898324419
0.0299188167584
0.00645270519363
0.0217951957598
0.0579129072951
0.0246697478036
0.0212867597219
0.0196320185406
0.0106852919954
0.0252831216027
0.00920319305376
0.0339379833284
0.029410944971
0.0276548848193
0.05721773498
0.0134515968924
0.0211335451094
0.0184862471944
0.0186728287696
0.0639450757326
0.0364286265385
0.0722132723703
0.0437627030563
0.00867755544204
0.0105533262091
0.0382948907381
0.0255660251538
0.025400860563
0.0215053006032
0.0173854853171
0.0573775178721
0.070763776906
0.0140279555023
0.047175606382
0.0247554089157
0.0211599377796
0.0149609531853
0.0397057656774
0.0272565181429
0.0179520881982
0.0211270779607
0.00875892431719
0.0213503761068
0.0170101752156
0.0410347497101
0.0142691698342
0.0165295409706
0.0192331897059
0.0221723481786
0.0173473284589
0.0295222801234
0.013067543441
0.0186048182231
0.0106569479939
0.00736772618172
0.0181287632324
0.0444641516488
0.0220468839134
0.0165442443693
0.0294241898538
0.0226883372651
0.0259465454739
0.0279740973411
0.0423833531529
0.0636200587429
0.0710263549262
0.0534135957999
0.0304674972201
0.0106243879031
0.0323798548135
0.0242293620778
0.0425405105883
0.0409716956463
0.0375356487649
0.0255211940802
0.010684777964
0.0379071781508
0.030191546806
0.0143068761904
0.00589519753908
0.0280738740497
0.0150695609796
0.0599446299847
0.06316594354
0.0334573372336
0.0195193214289
0.0112007415307
0.0296359388412
0.033340097024
0.0280341286499
0.00653552500166
0.0205279198061
0.0200193332161
0.032688523319
0.0110886167605
0.0488699608624
0.0210685840736
0.0108182765827
0.0201818018951
0.0323416319111
0.0239689468525
0.0383267302512
0.0269900270536
0.00895120711898
0.011359937814
0.0793337485069
0.0240966762214
0.0286554714272
0.00811006608913
0.0137209411587
0.0329828632465
0.0547835988076
0.0298750205325
0.050946033805
0.0400093769964
0.0232663664859
0.0324784071018
0.0287051573721
0.0409373729769
0.022329459406
0.0186273651478
0.0147868634178
0.0134548475459
0.0154531828029
0.023666079235
0.034331660087
0.0165934318489
0.035233116036
0.0351645681362
0.0245394358242
0.0631511714696
0.0134088886733
0.0370984137285
0.0320820296586
0.0204147268577
0.0110226272285
0.0187538618492
0.0702173131585
0.0227657084181
0.0361098561483
0.022873487607
0.0205901095223
0.0172607167992
0.0299340980103
0.0216097331565
0.0405883800455
0.0268986818069
0.00861213435338
0.0477540155875
0.0394129659483
0.0487844233796
0.0272776520732
0.0157032293608
0.0259189763056
0.0108923317269
0.0518610158715
0.0182864209372
0.00637895046508
0.0432619877275
0.0135286434442
0.0340707763361
0.0227881653028
0.0183623414637
0.0283607567187
0.0154778061491
0.0125790798969
0.0152282745768
0.0053478171881
0.0270327121669
0.0151658766894
0.0114205523739
0.0553772664818
0.0322187781857
0.033882261255
0.0344231400234
0.0312475934143
0.0228412365877
0.0218575362505
0.0189457116049
0.0100483293815
0.00484796776118
0.0366659583312
0.0219455639383
0.020769742033
0.0197553292972
0.0244679539708
0.025068194337
0.0159025334398
0.0283454207446
0.0208961305412
0.0598772156513
0.0143415062978
0.0232505870884
0.0196155117578
0.0461071561555
0.0449066436731
0.0886964233514
0.0432372711788
0.0226641029327
0.0173148680053
0.0179776307313
0.0599027645667
0.034289977367
0.0190213715514
0.0304682728482
0.0595037576736
0.0283896086481
0.0250304656737
0.0325905879663
0.0342152691356
0.039510138296
0.0166661169936
0.0174030606957
0.00649552431672
0.0212620923957
0.010834859017
0.0276754416467
0.0130525799245
0.0105245840713
0.0157405812505
0.019916185014
0.0619391426666
0.100634574804
0.0205315431457
0.0163399926666
0.050689564715
0.0312279314979
0.0487900893181
0.0255948709961
0.0488199257993
0.0149588727982
0.0327227625873
0.0335160680737
0.0359534627103
0.00550598127717
0.0343002767624
0.041958230372
0.0260314102873
0.0175902988159
0.0222925392482
0.0141619416435
0.0415214832207
0.0239059758542
0.0523242744144
0.0226067564443
0.0251756115249
0.00983379242411
0.0283146310547
0.00825500792782
0.0123973295845
0.0129387337783
0.0222853614146
0.0754571885308
0.0155696541737
0.0256933159279
0.0088401035148
0.0288353119725
0.0168808702169
0.00841284335942
0.0185073615071
0.0317908714979
0.0163870714515
0.0133666868384
0.0369884028647
0.0342860442723
0.0338976115176
0.00501573249869
0.0609454672925
0.0176191082292
0.0152078827232
0.0468460616669
0.0149293455084
0.0202425650765
0.0263116617276
0.0215484209399
0.0310525673217
0.0387548494557
0.0527696890134
0.0126699287529
0.0536414077754
0.0184555086143
0.0124232952078
0.0397151341094
0.0232335725834
0.017340285732
0.0295372866638
0.0360049680546
0.0219448641409
0.0223059853793
0.0665854573526
0.0270438429496
0.00768939625491
0.0089538371296
0.0521070612102
0.0661712447716
0.0111755597599
0.012055099401
0.0215650940755
0.00639568368327
0.0252634123728
0.0167450896775
0.043625785461
0.0277578527323
0.00905239788915
0.0279570311291
0.0297172045994
0.0218758593208
0.011827460053
0.0122030368003
0.0173219850599
0.019135433005
0.0547126134652
0.0419295946609
0.0397204802716
0.0199270473428
0.0359498699399
0.0179609242126
0.0334578709426
0.0346802856432
0.0357055332373
0.0399370680959
0.0350286858784
0.0338886658721
0.0217070004754
0.0560825630006
0.026517652511
0.0378331555494
0.03764619886
0.0175529819647
0.0124066805059
0.0389113491295
0.00927990797452
0.0243252180913
0.0415450104444
0.0374364827925
0.0302578258667
0.0264038098375
0.0305944810698
0.00791658934181
0.0246324715378
0.0198940609378
0.0284606117479
0.0489639131915
0.03302220039
0.0189073918855
0.0244091862823
0.0167783090736
0.00767978847318
0.0148946931727
0.0171053464508
0.0113558798069
0.0476194306734
0.0232043505876
0.0356326543315
0.0696514835229
0.0299301163446
0.0362715587395
0.0241175017851
0.0163096265391
0.0290757420024
0.0224791360151
0.0290882207513
0.0177638544191
0.0258577029239
0.0675049332937
0.0152455620207
0.0170483969731
0.0124326795076
0.0735295873962
0.0244597958384
0.0505218217866
0.0502578834111
0.0204183932123
0.0130588193702
0.00331302025724
0.0145384895
0.018168555015
0.0117342586178
0.0197330905165
0.0422618998616
0.0203473428004
0.0314066626216
0.0410168828868
0.00605007896585
0.0248089750813
0.0441202391205
0.0528999425482
0.02480815298
0.0269546310421
0.0155968535077
0.0661619795771
0.0108359992956
0.0494774552661
0.0287710378908
0.00890942416794
0.0194030958157
0.0340778909396
0.132306822625
0.0338792148943
0.0462071220416
0.0227653681335
0.0342790796201
0.059893930845
0.0212324370487
0.0612215076431
0.0198613682341
0.0368601704544
0.0246180659934
0.00840872485077
0.0245220594802
0.0120350176483
0.0234376426241
0.0557754499768
0.0303350370213
0.0341204994466
0.0245053496544
0.0265354002811
0.012124979219
0.0230763217562
0.0148517748275
0.00898092378541
0.0241398802308
0.0388310008274
0.0108266073581
0.0216976466325
0.0259255847119
0.0165879804037
0.00704485459672
0.0268729355925
0.0326380776145
0.0522313219578
0.0209123109538
0.016313355597
0.014274504053
0.0290205058731
0.0171533382712
0.00877206261888
0.0249443265137
0.0144158078993
0.0230944442207
0.0290107322952
0.0370799758846
0.0115477732363
0.0214383317038
0.0327667892563
0.018108204552
0.0272847072361
0.0202843936133
0.0272449739557
0.0116403814894
0.0423251364096
0.0228908294207
0.0192361758929
0.02676246436
0.0387069485419
0.0281164623378
0.0208359729051
0.0701907997971
0.0211592046319
0.0329985956321
0.0376737140399
0.0493624367979
0.0273053054076
0.0205613520329
0.0242468136744
0.0309843128922
0.112984329349
0.0304374466047
0.0291771259402
0.0103569582416
0.0327639736063
0.0293202713058
0.0520336846136
0.0472262438962
0.0172609741044
0.00943641235577
0.0281436966726
0.0412724947611
0.0144888118002
0.0333774008605
0.01381267057
0.0266134428108
0.0418001246074
0.0213027881123
0.0189471361041
0.0110222751724
0.0313552799973
0.0211489784633
0.0195369642702
0.0295328028812
0.0490591968828
0.0188548498825
0.0348858549604
0.0595244834459
0.0316432624266
0.0115914010611
0.0172817003355
0.0184412771344
0.0301529200267
0.0253479280043
0.0210223875466
0.0573023433174