0.071394463944
0.0087531727426
0.0148277689496
0.015406468978
0.0876562586109
0.0176419622436
0.11757924529
0.0365168438443
0.0445354041684
0.060755329993
0.0182117847228
0.031207960104
0.00971302784563
0.0105977082655
0.0571159201302
0.0357823621704
0.0180311726269
0.0805590951269
0.0267335223165
0.0155380106438
0.0388398719131
0.0461184795162
0.309320218086
0.114128595522
0.0542088128722
0.0187712844603
0.0331275243109
0.00972015054001
0.0373551391216
0.0476266096264
0.0788032158371
0.022613989329
0.0148292373891
0.0816601708368
0.124635528169
0.0551424775559
0.0634993904829
0.0233686554963
0.020910944576
0.0552433877022
0.0126208110411
0.0680439030818
0.0408097339281
0.0163997096319
0.0531219354463
0.0209434116781
0.0521849135754
0.0224707594893
0.0336932444907
0.0167779383785
0.0264293694063
0.00816288231564
0.0111381414679
0.00890800348702
0.0333139536154
0.0391763267024
0.0271582870194
0.0382212063681
0.0719256913123
0.0209464555691
0.0159734340607
0.0972524049479
0.0324476258541
0.0349036239186
0.00651829242829
0.0226140880086
0.0134301967671
0.0284268491513
0.0453341903961
0.039783840232
0.0504875095075
0.0248532526532
0.0412976409768
0.0273226558627
0.0260887324771
0.0182212320691
0.0181729274052
0.0688868177746
0.025165866925
0.0375158049825
0.0329772985349
0.0145056063204
0.0330673452016
0.023867301057
0.0264412290759
0.0104988770033
0.00769464386881
0.0228935682142
0.0146484919281
0.00824882458442
0.0136149599773
0.0348857005705
0.0446826425699
0.0318389606491
0.0445900616501
0.0529821761006
0.023267040702
0.0595464685705
0.00833204954709
0.0599590187164
0.0534728728814
0.0140725614257
0.116988014187
0.0592326158153
0.0347304402325
0.0334412540895
0.0537186453566
0.0360832041481
0.0176664703566
0.0200967631407
0.0172196821941
0.0446513432875
0.0293659535003
0.0205302250234
0.0324349575837
0.0296139980972
0.0261962531592
0.00880388899333
0.0161638974771
0.0370098283841
0.0261534977413
0.0173364398762
0.0211222295106
0.0646908083739
0.0294448694878
0.0297393892128
0.0149736143006
0.0106886962375
0.0592012328424
0.0505203538527
0.0384777133221
0.00584808577841
0.0125508489769
0.00592918108719
0.0404804942215
0.064981771243
0.0702363298223
0.0285092341249
0.00714665759301
0.0379068317398
0.0329034969655
0.201454591589
0.0103837558853
0.0607342178394
0.0284142956554
0.0120269131182
0.0442059747787
0.0192399860967
0.0192763308702
0.0953569736696
0.014378116607
0.149757864125
0.0312504718695
0.00336016724766
0.0174941022623
0.0429448708792
0.0468298562926
0.043296741437
0.0250556981357
0.00623445257483
0.0242017524448
0.0389551928302
0.0625090409679
0.0329570722344
0.0305055738663
0.0105270358057
0.0241777588423
0.0730195151897
0.0447999670776
0.0122442631847
0.0447378235005
0.0360045258756
0.0454678004501
0.0378852352609
0.0581128508184
0.145499314783
0.0472815136516
0.0757414804908
0.00599908770595
0.0189604375531
0.0196049305443
0.0346673642624
0.0235764414291
0.0232099827522
0.0233946736018
0.0165025695584
0.011708629257
0.0253476730755
0.165892849453
0.00947944011246
0.0641504961966
0.0295155094841
0.0319228915852
0.0109602998103
0.0232021556419
0.00694556848106
0.00536271270711
0.0673355153597
0.0304967845978
0.0547383680818
0.0373713142721
0.0429953563911
0.0786047462486
0.0502075311729
0.0209438610894
0.0221324920162
0.0438416580971
0.140472861194
0.0288962715832