0.0458436217752
0.0126267492631
0.0256470125718
0.0127582856012
0.0177384199251
0.0827451129181
0.0130696980883
0.0172172247831
0.0235840405791
0.0279020362346
0.0312200871459
0.0503190566714
0.0215808142644
0.0846691344973
0.044416392171
0.0259371115382
0.0562527909136
0.0463708895771
0.0505388824918
0.0196141229209
0.0294546790517
0.0389982930949
0.0378454850244
0.032226961311
0.0177461568571
0.0198023116837
0.0267378192832
0.0108121292478
0.0163211075207
0.0455114401036
0.0198595225255
0.0358582968237
0.0144395267044
0.0690282453374
0.0228987637749
0.0424732378375
0.0228937417449
0.0300376789934
0.0607848774923
0.047949486321
0.0211182270023
0.00524390186116
0.0257822594194
0.0310674588238
0.0224998317063
0.0207972934542
0.00553711298194
0.0109704205552
0.0180685889282
0.0333293454117
0.0370469215203
0.0121576004717
0.0226921270511
0.0167183811102
0.0086644952899
0.0776047211009
0.00549545163483
0.028303601257
0.0325573020979
0.0218063049972
0.0873639697154
0.0283156973405
0.0234709544277
0.0288582885044
0.0229475785136
0.0538253746599
0.038572480768
0.0312997071575
0.0561647234173
0.0112909712386
0.0158388489668
0.0997968361828
0.0247943483558
0.0446736062925
0.0503191094424
0.0425368557977
0.0274551379647
0.00849445757022
0.0317321736087
0.0323009059146
0.00737897093127
0.0440811751614
0.0431348941496
0.0349149888582
0.0818523900899
0.0470349412879
0.0164217357995
0.0191999913846
0.0186670607068
0.0988648026888
0.0121713980388
0.040546699096
0.0438005758696
0.0785695584243
0.0395201961643
0.0418605840893
0.0523482506376
0.0668920863608
0.0214240710082
0.0359053244065
0.0277767844986
0.0180708223871
0.0178589485088
0.0230004619164
0.012279533518
0.0262782573244
0.010879198417
0.0187981978673
0.0604230945963
0.0277416300064
0.0144190811919
0.024330114904
0.0167747087419
0.0840367098809
0.0154396030344
0.018491201263
0.0163570866841
0.02219652667
0.00897594653784
0.0436775332433
0.0145218001253
0.0234514369548
0.0543416628118
0.0243490520682
0.0126948759094
0.0151366995291
0.0334678431827
0.0157497804717
0.0260102842256
0.0166570278909
0.0412611563985
0.0171800418329
0.0556680197952
0.0127996852312
0.0305612189629
0.00513656837874
0.0109891798924
0.0381281543873
0.00797392669164
0.0308839136261
0.0308662362518
0.031783364507
0.0129819363456
0.0183920892241
0.0230562074526
0.0333275205954
0.102003271253
0.0240730449423
0.0534188138276
0.0239610241313
0.0104362053202
0.0151092429755
0.0322252690704
0.0480124803263
0.0614858478386
0.0951244889197
0.01920052758
0.0179210516429
0.010891533628
0.0992736682885
0.0482857830887
0.0469305467455
0.00660468397089
0.0308730328722
0.0493867825612
0.0259387169505
0.0111652936732
0.046412449178
0.0297091179742
0.0663700302164
0.00298657355227
0.0170276496957
0.0161888855093
0.0637564428859
0.0152985051037
0.0301727735477
0.0441051720616
0.0374996842446
0.0354531159297
0.022240795955
0.0208813210925
0.0510431352293
0.0202575088701
0.0182385517253
0.0320337410071
0.0177487801991
0.0433346434753
0.0278327308763
0.048856266332
0.0181111277042
0.0135038901494
0.0295498647335
0.0175582297712
0.0208912047323
0.0271392614443
0.0115593874398
0.0157451006469
0.0249697112849
0.0420395318582
0.00751000266671
0.0218801109605
0.0176277555814
0.0700231949895
0.037957960652
0.0137476509066
0.0189481817146
0.0208751684448
0.0401067977845
0.0284801072334
0.026228053096
0.0186489565002
0.0381040002289
0.00818380208258
0.0295299888247
0.0129932677672
0.014601370686
0.0537494051197
0.0433454180707
0.0284478709698
0.00934316676997
0.00946267871651
0.0333889013038
0.0196401997252
0.0571710069086
0.0213083332525
0.0234536543929
0.00864050947435
0.0187259664711
0.0415706720904
0.00717960256989
0.0239029976319
0.0223559959974
0.0108078948355
0.0382183596913
0.028859018191
0.015253161786
0.0191712679415
0.0409503233137
0.0194135115339
0.013064321147
0.0293663197326
0.0147923771273
0.02704926203
0.02661024402
0.0687314816646
0.0213044464726
0.0495078069964
0.0723966456006
0.0281720569787
0.0241231741659
0.0526012889893
0.0425682941129
0.0532833083095
0.0245336085492
0.0509417871923
0.03853814607
0.041901884985
0.0233791941123
0.018647163032
0.0191777482896
0.0264416967572
0.00644702919442
0.0298434210788
0.0392066852409
0.037456192868
0.0403074903184
0.0310699802843
0.0237866446654
0.0307369728187
0.0151110387731
0.00620748775118
0.0333455217665
0.0417282991266
0.0165623664317
0.0319742877687
0.0192441044749
0.0606119701514
0.0408866725738
0.046051423973
0.0375499081865
0.0341988754768
0.0412043048264
0.0220468473531
0.031816965019
0.0215642516367
0.0132002825011
0.0346194635201
0.0220101232086
0.0394409381642
0.0127141085599
0.0448941357603
0.00590632002752
0.0312356730863
0.0118180579538
0.0181117618797
0.0137390015496
0.0310080401183
0.0301939476122
0.0256681020176
0.0607078220327
0.00835684222171
0.0349459085522
0.0274697725895
0.0124279664316
0.012195962866
0.0309092209432
0.0238707586443
0.0125763497894
0.0422125775613
0.0287453024534
0.0270582345389
0.0298082610664
0.0142242987478
0.0273203896801
0.0118473287673
0.0229081975514
0.0118668878858
0.026624804436
0.0290229011062
0.012302230972
0.0277876690527
0.0429943957987
0.012093880977
0.0317511638436
0.0291138904621
0.0188291783852
0.0100488885468
0.022652103734
0.0355288733162
0.0156562619261
0.0588242017328
0.0571887161772
0.0474753498434
0.0244552598473
0.0779051593793
0.0308598690853
0.0226088052708
0.0111538064459
0.0220834631607
0.0164136500007
0.0178420044624
0.0215521088506
0.00887854945894
0.00985508353137
0.0226824017689
0.0778123367694
0.0814746427318
0.0179200111667
0.0505291540714
0.0135944361283
0.0284392100918
0.0184709706672
0.0572025832593
0.00246227831995
0.0220765374294
0.016519194159
0.0133361241918
0.0248951488509
0.0316517448853
0.0180414485476
0.0223221516759
0.0563203510331
0.0574256106871
0.0203576739764
0.0254580883231
0.0204702336667
0.037615372098
0.0403448181108
0.0167949835816
0.0218441262453
0.0106628862904
0.0337077682756
0.0297317915357
0.0433815471813
0.0120410439527
0.0121201457798
0.05379611466
0.0163178992117
0.0381399599309
0.0992492475932
0.0787946785773
0.015362665893
0.0475583139105
0.023960367751
0.0319946902268
0.0183348041361
0.0225144386372
0.0124616614561
0.00670537749185
0.0443082281526
0.0405424202506
0.0391736067877
0.0268892124994
0.0219635264789
0.042284822793
0.023529421537
0.0374610206848
0.0262737712445
0.00771642320133
0.0218435735684
0.0194907730616
0.0141053909824
0.0713497142906
0.0154128321786
0.022417559437
0.00592034607534
0.0545454418865
0.0231632738631
0.0158742808377
0.0761861042912
0.0264173506242
0.0334262364232
0.00863129548576
0.0157710983755
0.0472156406735
0.0221876390828
0.0284627821433
0.031219495994
0.0251142967032
0.00764331242461
0.0127411205635
0.0348128783873
0.0272344795821
0.0190025782366
0.0386112411102
0.0327317504317
0.0169596327473
0.0253239372335
0.0629816673119
0.0348639914545
0.0217906072682
0.00630683013329
0.0297136301724
0.0222518456407
0.0501882109437
0.0375414872253
0.0584485970733
0.0306604269588
0.0339679960365
0.0167708710631
0.0131717214589
0.024585993129
0.0391253456548
0.0233414996511
0.043875021363
0.0253593043998
0.02521440383
0.0105370528018
0.0250006820375
0.0170723775939
0.0188550079388
0.0158376762669
0.0281441347393
0.0595168628539
0.0427108572708
0.0133849104718
0.0225444405831
0.0255749739333
0.0125684963757
0.0117003092183
0.0176015462213
0.0349891634502
0.00693282778025
0.0184823839026
0.0270365201935
0.036989016548
0.0174443881864
0.05394045052
0.0352788410572
0.0250588199446
0.0331379319773
0.00970471400094
0.0467450770995
0.0297962528566
0.0128219979381
0.054956780802
0.0355881500062
0.0301982729247
0.0260207918127
0.0547637130028
0.0342838947313
0.0208252063072
0.0761551102428
0.042433311505
0.0844193004825
0.0542948994429
0.0226227674765
0.0605118526694
0.0189641195096
0.0276308990503
0.0416524238569
0.0175127945425
0.0299218938899
0.0239064736941
0.0564883032721
0.0035174857813
0.0357998402636
0.0232127882005
0.0206062281386
0.0198474087004
0.0404072523483
0.0241362856343
0.019819793537
0.0194296998057
0.0289589529303
0.025003550252
0.0359152788014
0.00390762053626
0.0152201721015
0.0632121907482
0.0111027465595
0.00749356661266
0.0244393872844
0.010316221578
0.0213035876305
0.0767639085975
0.0401806537956
0.00859604662668
0.0546677444097
0.0185310877418
0.0315619310057
0.0192493259408
0.03337933859
0.0222420603512
0.021778420648
0.0215725717027
0.0652841798509
0.0519310729846
0.0110444415559
0.0551231727945
0.00874727325509
0.090851081862
0.0144416696203
0.0153161240566
0.00860484434607
0.0643729226915
0.00473653641685
0.0537897337355
0.0399304673137
0.0360173310436
0.04835616017
0.0304927472825
0.0366692680271
0.0264551226346
0.0518209534612
0.0223867655495
0.025904162467
0.0510138914157
0.0189299106929
0.0457654077611
0.0218781811649
0.0292410394747
0.0172481019334
0.0622118299485
0.00759368090914
0.127655115415
0.029081889012
0.0196424925671
0.0566886932183
0.0124186340788
0.0216936810099
0.0310487596913
0.125425005037
0.0294343232799
0.055882028032
0.0178987582198
0.0177552405447
0.0268988607818
0.0281521309182
0.0561267259073