0.307236446696
0.037526769643
0.0634143069674
0.0660840035795
0.375983121967
0.0756367871153
0.505852864384
0.156967471151
0.191069028294
0.261124817623
0.0781551233098
0.134270802561
0.0416621329499
0.045389253925
0.24546850571
0.1540993933
0.0775159284273
0.346186499055
0.114951756258
0.0669081133769
0.166839830618
0.198147526177
1.34687884699
0.489852747227
0.232850459824
0.0803976421386
0.14213640718
0.041754364445
0.160133219937
0.204576799133
0.337953919271
0.0969412802309
0.0636280535669
0.34978561335
0.535991441963
0.236738724582
0.272360597353
0.100033276403
0.0896600335372
0.236829376614
0.0541248766841
0.291353050035
0.175814822894
0.0705835651352
0.22817288184
0.0898193768808
0.22397799744
0.0966943727588
0.14455323315
0.0720598270787
0.113323024019
0.0351466897119
0.0478724996594
0.0383463890926
0.14293875031
0.168652500025
0.116731779333
0.164316701205
0.307813449915
0.0898247935588
0.068490000062
0.416790240281
0.139248500834
0.149610319487
0.0279205010447
0.0972138948307
0.0576559327454
0.121957340408
0.194411996975
0.170881995767
0.216732698647
0.106868477373
0.177126914898
0.117265553742
0.111830882166
0.0783104221643
0.0780717093588
0.29533345687
0.108129354851
0.16081991357
0.141824622484
0.0622970197103
0.141992487025
0.102277233967
0.113694583928
0.0451522398287
0.0330249765277
0.0983301572807
0.0628464477226
0.0351736802126
0.0585153118105
0.149978326927
0.192314790259
0.136115681714
0.191154107289
0.227254861796
0.0998725691162
0.256272090001
0.0359504040681
0.258670552085
0.229751827599
0.0603768263322
0.503538786382
0.255043499399
0.149338478588
0.143530629104
0.230909827726
0.154628710279
0.0759931515872
0.0860626220735
0.0736743457763
0.192142005785
0.126089906518
0.0883993184973
0.139288652957
0.126981745317
0.112745983934
0.0377977464261
0.0695266572772
0.158931186091
0.111720052205
0.0740338798534
0.0908193585054
0.277904608539
0.126555137218
0.127888800579
0.0640280739889
0.0458272040969
0.253499155217
0.216153273447
0.164780568881
0.025211343559
0.0536918521119
0.0253456918686
0.174173920508
0.279407389886
0.302366949533
0.12227263449
0.0306237422745
0.16283735656
0.141201818027
0.866381115611
0.044509585186
0.261287455456
0.122058607333
0.0516305805536
0.18978063108
0.0825685727623
0.0826827585154
0.410026994244
0.0615861256161
0.643349510629
0.134099243686
0.0143208309927
0.0750456821504
0.184421022825
0.201156842731
0.185838197695
0.107524671131
0.0267856345356
0.104005745807
0.167304541189
0.268407343106
0.14161714875
0.130918017582
0.0451102058721
0.103805581322
0.313810823574
0.192997621167
0.0526774304883
0.191823222764
0.154496452886
0.195547228461
0.162058145598
0.248811356993
0.625518107461
0.202430276839
0.326235266011
0.0258987334036
0.0813470799077
0.0840965059211
0.148458461526
0.101294604729
0.099763338734
0.100017755197
0.0708763437388
0.0504175402435
0.108847741529
0.717196895312
0.040725248434
0.27557376101
0.127113263485
0.137090595087
0.0471266302265
0.0996571419455
0.0297916640427
0.023050618509
0.289600157183
0.130464415931
0.235041553364
0.160768993522
0.183927409213
0.336071965439
0.215173963294
0.090133303753
0.0950227214687
0.188569998813
0.602706752325
0.124023157451