0.182762009608
0.0500432084636
0.101598644413
0.0504679236026
0.070423282858
0.329359645752
0.051965144779
0.0684370388919
0.0935200265617
0.110942064142
0.123919713945
0.200849952762
0.0856892401615
0.337142509204
0.175795490659
0.103185764663
0.223064231356
0.184645000511
0.20073746948
0.077862065104
0.117187899332
0.15467800717
0.150437424566
0.127869883472
0.0706043224723
0.0789639508148
0.106343518018
0.0428826053342
0.064661573692
0.181148269073
0.0792384952182
0.142515965574
0.0574584873668
0.274532129616
0.0909429443766
0.16847669498
0.0907527636701
0.119319331903
0.241495374077
0.190556280315
0.0840318463833
0.020623974656
0.102755078937
0.123582485523
0.0893946786718
0.0825794647703
0.0218971954491
0.0436096411675
0.071553441628
0.132601726529
0.147498120444
0.0482557720618
0.090011656807
0.0664514996882
0.0343680754047
0.308082495597
0.0219094741431
0.112444936643
0.129503308106
0.0865341690224
0.34708536496
0.112356275032
0.0930783462464
0.11502022749
0.0912275214125
0.21487880883
0.153692484799
0.124593518649
0.223296836169
0.0449453849798
0.0628945958281
0.397345071705
0.0986763803329
0.178228122737
0.20001989992
0.16884638902
0.109097852967
0.0337105868582
0.125661652775
0.128442945543
0.0294170761939
0.175040283784
0.171526906315
0.138747629075
0.325635822407
0.185962489587
0.0651985039781
0.076227957772
0.0740575417896
0.392743443352
0.048245047598
0.160728267311
0.174314319437
0.313304600052
0.156965847312
0.16633443019
0.208143401646
0.265857242586
0.0850875086847
0.142309893389
0.110577688157
0.0719133823816
0.0709028714525
0.0913706745449
0.0489667527873
0.104462600502
0.0431476798841
0.0747000976594
0.240156272396
0.10995809942
0.0572579003628
0.0964965889286
0.0667311492795
0.333881144439
0.0612115558881
0.0734520344039
0.0648161882682
0.0882096632675
0.0358600680545
0.173839810865
0.0577974298592
0.0931516970349
0.215919452128
0.0968677820999
0.05040393626
0.0602867549179
0.133095855722
0.062598934629
0.103436373176
0.0661109055997
0.164359554243
0.0682118457227
0.221828395239
0.050874614417
0.12129273513
0.0204494895982
0.0436038200178
0.151692309594
0.0316399779544
0.122729891964
0.12284399136
0.126515795684
0.0515238414575
0.0730180484979
0.0920593394664
0.132541551669
0.405514567119
0.0955632732086
0.21233303791
0.0952874654072
0.0415544853528
0.0599894659255
0.128211881255
0.191068466382
0.243825707532
0.377770539379
0.07646352343
0.0711928551648
0.0432729928305
0.395281723809
0.191748036455
0.186370810503
0.0262506204188
0.122813710377
0.195714826499
0.102894613211
0.0441940032762
0.184590749828
0.117852636344
0.262964605962
0.0119501632169
0.0677743368681
0.0642961651762
0.253227669945
0.0607204722011
0.119881466303
0.175514159626
0.14896163098
0.14100950147
0.0882274282697
0.0832544339365
0.20282340783
0.080615050482
0.0725759745394
0.127516426929
0.0707229735552
0.172250121357
0.110619938269
0.194583072996
0.0720584754973
0.0536924914165
0.117401723117
0.0697485036131
0.0828879652439
0.107848067023
0.0458102254904
0.062635164259
0.0991343874262
0.166520213269
0.0297604674565
0.0868735503578
0.0699693128809
0.278618441643
0.151246191736
0.054583188262
0.0752668722748
0.083080520643
0.159489843438
0.113065840376
0.104275281103
0.0740301355683
0.151500567704
0.0324133529944
0.117363076882
0.0516892822461
0.0578889757047
0.21371380598
0.172421739294
0.113219296259
0.0369105653161
0.0375402863237
0.132441527959
0.0782097075843
0.226849041351
0.0847695916631
0.0931589047985
0.0341793221317
0.0738592026049
0.165133069752
0.0285477692271
0.094901979926
0.0889209983618
0.042956734624
0.152413606797
0.114824975193
0.0606102395351
0.0758778534541
0.162452295707
0.0770498093857
0.0518374332258
0.116769748853
0.0586936718057
0.107671641125
0.106110569101
0.273007475921
0.0844901537406
0.196446073269
0.287668617439
0.1117664117
0.0958072455493
0.208754254406
0.169517050087
0.211924070274
0.0974479247019
0.202182372743
0.153403693247
0.166504836884
0.0926565082859
0.073966359448
0.0761620417101
0.105004204545
0.0256199727282
0.11904352989
0.155959298197
0.148772791671
0.16002233676
0.123206450236
0.0944573381827
0.122049485912
0.0602798282608
0.0246930161718
0.132446140573
0.166194653496
0.0657242317735
0.127030707907
0.0764640150163
0.242021629943
0.162832300545
0.183312132753
0.149655755551
0.135911624238
0.163691310933
0.0876264082206
0.126568511764
0.0853483366544
0.0523966436888
0.137543436095
0.0876163256793
0.157128372277
0.0504175053344
0.178213470146
0.023386620641
0.124136004445
0.0471030516667
0.0721188962413
0.0546843447706
0.122968357342
0.119668725723
0.101808478894
0.241457205541
0.0333186897606
0.13896152903
0.109167461899
0.0493675076514
0.0485606427219
0.122432230188
0.0948858588198
0.050106291867
0.167534458972
0.11435825774
0.107615864808
0.118590817035
0.0564113242162
0.107891381753
0.0469000923561
0.0909059548262
0.0472317143627
0.105509391592
0.115308681165
0.048867193573
0.110814093728
0.170593480511
0.048122794776
0.125825173904
0.115688910039
0.0746848744481
0.0398239179392
0.0897728030866
0.141191203392
0.0621794840452
0.234255913581
0.227406784005
0.188990280663
0.0972850442648
0.309891737939
0.122578833794
0.0899845011292
0.0443213432411
0.0876495407946
0.0651541340137
0.0705975287509
0.0855955342155
0.0350837825464
0.0392359460067
0.0899574337016
0.309039645674
0.322940635202
0.071137912063
0.200590003369
0.053840607222
0.113054508588
0.0733234911702
0.22751928254
0.00983230205599
0.0878536004854
0.0655992757005
0.0527319225865
0.0991978312575
0.125903861203
0.0716596940736
0.0887668896597
0.223783333132
0.228391141921
0.080879220773
0.101067103307
0.0813236366684
0.149795800291
0.159970718799
0.0668064777168
0.0868517131899
0.0422567890378
0.134056282233
0.118342811116
0.172325030962
0.0477496102504
0.0480509556313
0.213965788311
0.0648080196191
0.151301267739
0.396831513773
0.31332172915
0.0609259232417
0.189070265007
0.0954593202306
0.127281693158
0.0727198111875
0.0896780160547
0.0494884907743
0.0264453214646
0.17604014625
0.161071177437
0.155630557653
0.106875525963
0.0871591530311
0.167805559807
0.0933640194081
0.148746594645
0.104401514475
0.0307814743161
0.0866061436414
0.0773525279162
0.0560663523153
0.284231027956
0.0611238120081
0.0891549841353
0.0235154839428
0.215972129003
0.0917582763474
0.0630361014265
0.305055158101
0.104751511148
0.132776036288
0.0341647698266
0.0628769304985
0.187861675845
0.0880003292361
0.112999664356
0.124533780767
0.0997380553392
0.0303379416495
0.0505055570964
0.138711819922
0.108583035816
0.0753909491793
0.153536550718
0.130555865733
0.0671468659496
0.100632707647
0.250191096518
0.138675089681
0.0865152044899
0.0250849936212
0.118263421184
0.0884484253454
0.199742795592
0.14913432639
0.232366076659
0.121792860647
0.134849241605
0.0666606378454
0.0522803408291
0.0977450808343
0.155575121714
0.0929607165236
0.174494438074
0.100555918383
0.100135827009
0.0418667632415
0.0995205424046
0.0677276241999
0.0748500366319
0.0628737067111
0.112080601421
0.236718101801
0.17026399024
0.0530855582133
0.0895121652001
0.101571273338
0.0499236537762
0.0463954208457
0.0698063447275
0.139069000172
0.0274960912352
0.0734875609436
0.107719558173
0.146749521859
0.0689264048543
0.214174304572
0.140141369751
0.0997145549634
0.131869627701
0.0385370810995
0.185834839758
0.118811757066
0.0509871778746
0.218074532598
0.141388112981
0.1199655406
0.103585578821
0.217764071463
0.136051497529
0.0826438543528
0.30238164198
0.168750145241
0.337107459101
0.216134669639
0.0898401305482
0.240376247811
0.0752196833268
0.109907864446
0.166194616155
0.0694236523333
0.11901202991
0.0949797381476
0.224687546144
0.0138986133272
0.142081952893
0.0919118542116
0.0818394604644
0.0789221094031
0.160672888923
0.0958350780754
0.0788133889426
0.0770798055325
0.1150630215
0.0993234919058
0.142523281986
0.0155284899303
0.0605075434929
0.251285542479
0.0441356127189
0.0296582958141
0.097141196897
0.0408386852601
0.0845782935698
0.305795027028
0.159670030608
0.0341708803958
0.217605349257
0.0738411942712
0.125402968914
0.0764838376039
0.13280823088
0.087844221495
0.0868183974098
0.0857550659912
0.259604871026
0.206545373753
0.0437012570722
0.219138994391
0.0347092386153
0.361904574585
0.0574546256323
0.060875286892
0.0340437373575
0.255710181279
0.0187721576539
0.213703884269
0.159280018003
0.143252575688
0.191701995717
0.121210635057
0.146079584757
0.105008593116
0.206070937152
0.0888654619418
0.103186566973
0.202715767064
0.0751890339952
0.181958419438
0.0868046724042
0.116357048625
0.0686548647856
0.246897619063
0.0301274722004
0.506207155887
0.115310916774
0.0779684572884
0.225283768108
0.0495522702575
0.0861542961061
0.123684920901
0.499251905081
0.116967153967
0.222285393967
0.0709657012704
0.07049916004
0.106770530051
0.111629030985
0.222935197613