0.0746790198583
0.0860679052767
0.136497092771
0.0625422324674
0.0573577264547
0.121422535526
0.104465380932
0.128850753224
0.0632024386768
0.0745132337815
0.151892201108
0.103752098595
0.104435681159
0.0572806318286
0.0490936046894
0.0801186038629
0.0973603019793
0.136637905707
0.10774633297
0.0485016480741
0.11416644818
0.0682538295757
0.155174240558
0.0896145885514
0.0728408099764
0.0774372770161
0.102834101824
0.274280807656
0.048100608613
0.0644977461977
0.0297605872047
0.158461320362
0.0728734245777
0.102180156444
0.105569992617
0.0155705679564
0.0782713795117
0.0667793168319
0.0418421671599
0.120650926334
0.279479749233
0.103788147177
0.102556433297
0.0926517197149
0.0973620617452
0.0502725414197
0.129146056448
0.0715693874922
0.167012190102
0.0885106925275
0.0335577113238
0.0627226021346
0.092377244392
0.118182617535
0.0684570178983
0.102345743525
0.0401724095874
0.0615477726828
0.115841361888
0.137226795041
0.057741695123
0.0728397173137
0.0489098049506
0.0765262892424
0.0852609597921
0.090978008048
0.0387589713165
0.0669396445146
0.140936250467
0.282959800765
0.0373505930474
0.0774417454594
0.0887579859337
0.0393501029447
0.0155232262579
0.0805659836089
0.131591029063
0.0813292004511
0.234375161638
0.091561642525
0.0665338905873
0.244666082699
0.153848638083
0.22271549997
0.298440679358
0.12200059625
0.083394383318
0.137309569539
0.0782822183238
0.0671578823766
0.200564054731
0.0463679053747
0.186862414194
0.0784374249409
0.0885411125939
0.0293294591788
0.182321407656
0.129236441065
0.0683994408875
0.0838389504759
0.0670200877625
0.103669285637
0.124745849906
0.135886816701
0.197869358342
0.0694608990168
0.171307830063
0.124761562908
0.240760108786
0.224687856165
0.0805202531209
0.142589165302
0.229160726139
0.132543175375
0.145166964181
0.136921123309
0.0468219998407
0.111368580781
0.08335128471
0.0628953554412
0.0620861023405
0.0454018225171
0.0593056035717
0.0212551889063
0.0967012004053
0.191819985935
0.120416600258
0.0477868751458
0.0518168545448
0.0780821193596
0.105156440075
0.0486181358511
0.154949001556
0.0682455481277
0.108743097236
0.0540087191727
0.0561504381861
0.133343157918
0.0983157398711
0.115604633582
0.119154277891
0.086289817415
0.0752780824516
0.0897413515355
0.0606513555042
0.0478672636125
0.139880312474
0.0733378784786
0.101503830082
0.0865839481103
0.133039757258
0.141890283536
0.0503655649856
0.106147442742
0.0634187989687
0.086763694394
0.0674461491726
0.151933984204
0.125542542634
0.0864901857585
0.101775268681
0.0653000952445
0.253218450592
0.175400767707
0.0923635072604
0.183021977823
0.213572240331
0.300772969253
0.211151919299
0.0800687587362
0.068098404306
0.204796698506
0.169474887213
0.0399511377094
0.0642238636835
0.0904147224643
0.241344578796
0.0401996879667
0.119926014525
0.116254317855
0.149042717089
0.106716859694
0.106097276602
0.0571343943872
0.0730369671411
0.162523747805
0.123627051774
0.0564887353567
0.104763679366
0.198471538848
0.0773922741395
0.0351736290584
0.14714051617
0.0827498305744
0.147082659292
0.0577491685765
0.259231753313
0.0520824445453
0.0788115575796
0.104911995909
0.110004390885
0.09825604033
0.117574210642
0.0390074497099
0.0584608128378
0.0704221932241
0.110994713376
0.109935554141
0.0619628237365
0.0749794966432
0.054304843677
0.123337203029
0.117860477074
0.0748874583768
0.0333634756132
0.0482728555122
0.0606182776789
0.178670476319
0.106927928932
0.0608353963779
0.105546452919
0.234504717434
0.0341588024514
0.0909589046601
0.0960959909046
0.0995310573146
0.112351305313
0.335675679483
0.179077548609
0.0733667791397
0.124537683184
0.0698758982732
0.020980311283
0.0642918613547
0.0525516591578
0.0467804487762
0.025005319703
0.112508948174
0.0378918181611
0.139103968232
0.0797523824872
0.0901745075707
0.0885758381639
0.022030192651
0.232468290307
0.164610175768
0.057647624308
0.111648807355
0.124518888743
0.398145979168
0.0870794276337
0.0876389349878
0.12634061483
0.0612028382595
0.0428354156107
0.125528688642
0.172076215111
0.0682841757967
0.0998943735338
0.0852054445003
0.158390934839
0.0315492901707
0.0458205277003
0.109984490641
0.0411668095324
0.0897322275452
0.117803680388
0.052811102133
0.0390092116658
0.122413988247
0.0951073133485
0.0988191476082
0.141307177331
0.0700448493781
0.0512091310801
0.0337215019683
0.0863452696025
0.112560357131
0.0470216308447
0.0369953428589
0.218354994525
0.0609182386444
0.0853363508685
0.0950702989664
0.0799263383875
0.0275964788194
0.0741834966899
0.0749257609641
0.0905934589327
0.0626554067625
0.153976024248
0.0882789963649
0.0380635693733
0.0617688345012
0.081902792652
0.312454604651
0.0981316718559
0.104530865722
0.126398374207
0.140404921062
0.0462567909656
0.1418741581
0.0488097858778
0.130687895119
0.0184083373537
0.100088525478
0.206987284708
0.0696318190547
0.0846133908667
0.111123561037
0.130613463905
0.106275691806
0.0799965907501
0.128632845862
0.0882982887898
0.122003908025
0.129934585489
0.0716743718362
0.116631638808
0.0935822911145
0.0553637352789
0.17579240702
0.159700794805
0.0406800118956
0.0567277951128
0.108813432596
0.328880612238
0.172774481647
0.130669212489
0.13988713523
0.120051814755
0.104241792619
0.0485995174124
0.107450974102
0.0186063477507
0.0856145805436
0.204799117371
0.0876459360242
0.168551875375
0.120993161491
0.0777180056506
0.122459820575
0.0573269192973
0.218049099635
0.104417928715
0.141971560806
0.0975024836062
0.117157921102
0.132272711112
0.116233329471
0.0924416093641
0.148719163366
0.0687720319568
0.135776125318
0.215374015935
0.0197956573063
0.0834420434606
0.0429922834799
0.106450205844
0.265667368442
0.0994003601439
0.148612232589
0.0360539318845
0.181343442523
0.123087818024
0.0813471736048
0.208834038876
0.0795290389495
0.106553678765
0.0969861052788
0.188882877219
0.140556416852
0.0466127830302
0.084697537978
0.201109018969
0.0373092087985
0.124232381283
0.0878679448602
0.0403781988311
0.0706322248104
0.0643922982085
0.132250445788
0.133800017393
0.0835087725136
0.106954576284
0.0717620690854
0.32225378543
0.0635715165258
0.188758139604
0.0720327126274
0.186940819709
0.0745545426058
0.108558166656
0.0621089191601
0.184076369242
0.0695236762634
0.0857261360545
0.154727759955
0.0572421727468
0.0871355956166
0.0853417640006
0.10167494394
0.1395964598
0.191319776741
0.0881442227913
0.0719392888947
0.151065574334
0.136861836202
0.125337474488
0.208231630909
0.149144471746
0.108301192928
0.026134672737
0.0878864537892
0.0386297516458
0.0359358202494
0.189675349574
0.0510497072605
0.215759059506
0.183153859443
0.106613828055
0.120302873036
0.101618614405
0.0916149838463
0.0435710652941
0.195203772005
0.201629919218
0.0858174897947
0.0631571966005
0.216786675665
0.0692588165832
0.0562456602089
0.106115126593
0.035947714608
0.0589161973187
0.173155672364
0.275249301064
0.157355961019
0.12450705202
0.0939354784807
0.0604764706997
0.0688922027691
0.0577666280385
0.045252147447
0.10197450282
0.216928316444
0.0541959214893
0.0656953968008
0.062685067574
0.0630866653447
0.122101723749
0.0216494044012
0.109451007457
0.0847267557796
0.159723683944
0.226890997759
0.0810650034032
0.0732203509281
0.0425402363169
0.136051832272
0.177382151428
0.0269191463147
0.158576640361
0.198478227289
0.0439646838296
0.121305711204
0.0897486842664
0.0197111594449
0.0250565126823
0.134584379065
0.04236409251
0.175863779836
0.0838665762333
0.193135955735
0.0844875755765
0.270214312259
0.0437907804333
0.111389324609
0.0836545560166
0.117123928886
0.0864995996905
0.14204165029
0.0370199618757
0.143564859286
0.0784147262551
0.251030599883
0.0684804110815
0.104937962145
0.0791935951299
0.0661290850866
0.034569616506
0.0817333328298
0.375918573288
0.0425880831881
0.0782838853362
0.298184839384
0.0790292934039
0.0154748123064
0.178558339526
0.0356611542926
0.107077157663
0.129333447339
0.0568813153001
0.100143580637
0.0460354399425
0.084663760831
0.182582176967
0.0879658736148
0.153915375869
0.108162689318
0.0608434003369
0.241785005838
0.0718810396456
0.070628387696
0.162953441873
0.0827775327521
0.0563600013342
0.1644642447
0.159057464966
0.027108667179
0.0628750549881
0.0857767283863
0.0462008360118
0.0443811709759
0.121442129831
0.0959136842208
0.112877303545
0.160991609353
0.0528779543856
0.0942250295746
0.0200420064451
0.195590742121
0.0973502868697
0.248736859993
0.19117376968
0.0257964133628
0.0943984532907
0.250936242853
0.101750565906
0.0583263519771
0.129421793329
0.0865243953252
0.129923125111
0.0725407853554
0.0952386034926
0.103522947252
0.164396946627
0.0846355599031
0.0705049106294
0.112225559673
0.123235808227
0.107267769761
0.0920511068698
0.134804980643
0.0224011845223
0.113891633955
0.114007085948
0.098005348639
0.0415282540088
0.0953063778541
0.0943281889258
0.0750164966568
0.08182793185
0.0652167506158
0.00582121079826
0.197105148926
0.103811926467
0.04089653048
0.0986987488602
0.159267997293
0.0637636106623
0.0730436091312
0.0212032864557
0.060156625453
0.0955653346581
0.124091720924
0.0921463402902
0.0354124326095
0.0716024173966
0.137460115695
0.11328697888
0.100144356037
0.133922562198
0.0686438510132
0.0484098703826
0.0712264768356
0.0813729251798
0.135120045214
0.0997600723844
0.224052636757
0.0383627838798
0.0174680408532
0.0138502705512
0.0948663567007
0.129908461663
0.108574762785
0.0893593893553
0.074823083109
0.119126221844
0.0913462828197
0.126525687794
0.130510636623
0.109435810664
0.103606621599
0.057961352954
0.0854014005991
0.128219778351
0.091896607322
0.0232980083683
0.137950233869
0.107209607696
0.0281647196711
0.0468840581337
0.10563427849
0.0872408872793
0.0605865515148
0.0677728953182
0.314370605738
0.231043476103
0.155683075279
0.0482368065234
0.0694342702956
0.142149108721
0.0969204132385
0.0527906875434
0.124679136517
0.222115460065
0.0737066802608
0.0461640201372
0.20718887745
0.125804234862
0.0748425337141
0.0937983751426
0.170989484794
0.266023698341
0.0401002352251
0.078804439094
0.0760452901917
0.0568043736084
0.048297914305
0.0304818043246
0.0717514206832
0.0964227155631
0.117633822232
0.0542718517071
0.065326075647
0.326259644208
0.0218195217807
0.047537115651
0.0959912340778
0.128177922896
0.0607121185692
0.0817337113801
0.122982446468
0.0392610287971
0.0306981287523
0.095143698826
0.0810068737027
0.154423649308
0.108456321267
0.0503773170138
0.2472037297
0.0911192315058
0.0476158817376
0.0293869313295
0.0748101989584
0.0913241385722
0.0942682883273
0.176195661502
0.125951018555
0.0965439507339
0.0853300132118
0.0607630892755
0.129524320919
0.0523398543242
0.138920890744
0.0301166285471
0.0787602375901
0.0523917022132
0.116860130605
0.16214494859
0.0540972178121
0.0950894735534
0.212759394392
0.23644947169
0.0479300672972
0.0854388175382
0.174216888103
0.110249331738
0.11157716607
0.0480144756335
0.198477756091
0.0569377044252
0.0499889711627
0.144017534093
0.04675001102
0.131915614059
0.113514025456
0.129087543896
0.135683880665
0.102122144982
0.117164524349
0.0545586264165
0.0677482186817
0.208191549192
0.0680093393936
0.122013878689
0.111810525009
0.0854667941563
0.0544345438015
0.0949620919017
0.0803808055014
0.153481143161
0.118447067618
0.0837136344401
0.0535890457954
0.111724144345
0.193274077356
0.170799422245
0.106073821733
0.026657319693
0.200812091118
0.15658905613
0.16582441981
0.124130766243
0.0607622344338
0.0986811769995
0.237369985839
0.0713339487002
0.0696625723035
0.127172670631
0.0546992753389
0.147975052623
0.0747377754672
0.112507438371
0.110027286745
0.0661553994476
0.13693058955
0.0698431816054
0.0742420907119
0.175892958583
0.101693451684
0.0929208585249
0.0250711553071
0.113050801451
0.059134528392
0.0791203818142
0.177948088232
0.0483756632384
0.0256373449418
0.12658453815
0.0895589462627
0.110437869015
0.0489846643866
0.0646246789463
0.0533783107343
0.126521421638
0.0821500197512
0.128321034754
0.137902039249
0.139605215008
0.156589602516
0.0460853727423
0.020094648021
0.0708693680448
0.0499441757396
0.186223820378
0.091263983187
0.23352356972
0.0754266408707
0.0289924789404
0.135209794624
0.0493981525669
0.097390759542
0.134298422607
0.0702098803454
0.101929384052
0.0814983358678
0.270625285305
0.115740348357
0.0792031158746
0.0312904642328
0.0832894338583
0.0811472323905
0.188065059213
0.117718970103
0.0589012934046
0.0937490473352
0.120917079396
0.113309176794
0.206248696034
0.101392617437
0.122898856139
0.200189344976
0.0321478175675
0.252416763972
0.0835990696249
0.133584622689
0.130561893104
0.17145325704
0.0625813222641
0.0676960417964
0.036945255487
0.0986992061802
0.0471427659887
0.0377963352008
0.104912613699
0.0427666383499
0.232670020116
0.148770328354
0.0478761302602
0.0968876352088
0.118817494211
0.0529752959204
0.118495893059
0.103328742165
0.0889029778503
0.105945320031
0.0733800195793
0.0798214992132
0.101086416638
0.0552579659567
0.117066341226
0.191574030444
0.101278172882
0.103252265843
0.0951806561266
0.14804390579
0.0992293766363
0.0907355857088
0.0765348706421
0.115264952655
0.117186086122
0.108180833463
0.0579452464821
0.169706904298
0.100739950041
0.0541533813457
0.144391245821
0.135550143719
0.146765340272
0.0766460285886
0.174220629716
0.0803590369763
0.015394525167
0.0223930711427
0.118318616488
0.093253838841
0.105634625549
0.115496084367
0.109668870169
0.153368031473
0.106306082675
0.0594315207616
0.185086987716
0.375308289746
0.113762203521
0.10058238795
0.201047545255
0.111307624633
0.0851634228842
0.149036177419
0.0344244991581
0.0512903718428
0.114150457644
0.0146282924457
0.103756854581
0.124451091968
0.0823438704624
0.142369315925
0.115841911686
0.0997670531952
0.1015207476
0.125031615509
0.0600917689245
0.107958318032
0.0627682095689
0.10510289419
0.0731977467178
0.0609664238365
0.0700802577785
0.0611562392439
0.0693151349294
0.0993358744029
0.0401297618324
0.0709148663238
0.112727579374
0.11238835987
0.15635747936
0.0314513993579
0.101581545696
0.109742811629
0.0725989159743
0.163079508083
0.265425004306
0.021065430046
0.369183314366
0.0281065424195
0.0777110027234
0.119757463514
0.00936813200193
0.0647449410151
0.187857335197
0.288312434346
0.0578802499732
0.0847949501641
0.0815366873187
0.064122317308
0.108863806355
0.0591099010908
0.138574149743
0.0346665013481
0.0776610628737
0.104911657176
0.0903957925201
0.101158990456
0.0692702904436
0.117935548159
0.125740914047
0.129931166447
0.182313855995
0.0926943936057
0.129700649504
0.118494736026
0.0441335752823
0.22789122928
0.102982845278
0.150075916683
0.0636859830802
0.178587724077
0.213535134206
0.0476349590232
0.151273614525
0.260717703056
0.0761273824525
0.135341329935
0.125869041904
0.0412840489023
0.0901366075904
0.300351291627
0.191194015452
0.188848013793
0.0413937114901
0.139393120969
0.0425801878548
0.0587732058474
0.0639432592329
0.0267820593862
0.106418726203
0.0985573913569
0.224896842986
0.102012613016
0.116890545673
0.24158021955
0.103035973324
0.118354052233
0.129267355155
0.107364069719
0.108844765945
0.0352026436152
0.051884252938
0.228594054113
0.0566943443329
0.169505904557
0.0694206268329
0.0550819492132
0.0736520414831
0.109126634237
0.166818749704
0.05175304653
0.151571562755
0.0291647885196
0.0407332380463
0.142053662376
0.0549797081449
0.0609005654558
0.113358472166
0.0607509667662
0.0949025676003
0.188797076331
0.0631108936223
0.0748971883683
0.127109854959
0.0516547311591
0.128661901653
0.0944499209259
0.0825105641915
0.327237571195
0.110484552294
0.257445029834
0.108124659348
0.0620654050655
0.010819368149
0.0458937865843
0.0690171417396
0.091358426874
0.141816796852
0.110141114095
0.0633599080712
0.126570602874
0.117632391741
0.0653073662095
0.0953011115951
0.247633619478
0.10326170403
0.105938989143
0.0789345085014
0.0357817218088
0.0869287968686
0.0698356387317
0.133109111559
0.0212199178585
0.0142046715425
0.0388266251996
0.0627550819757
0.113663792106
0.130373066631
0.085903673761
0.088603818297
0.0458870296665
0.0486079429
0.19749080019
0.158748743752
0.130184316765
0.0915522715034
0.0743429638159
0.161523938826
0.169681148101
0.0541826108025
0.0983440688766
0.0690903686842
0.116436069005
0.162010617532
0.103052787177
0.0686171532536
0.138676249345
0.0372118652009
0.0340047277296
0.155002953359
0.0642545807336
0.091155732772
0.0180273650393
0.0794534045753
0.114156330925
0.0948354986089
0.0434122159396
0.148118626939
0.104112006516
0.0926970038127
0.144701545271
0.0767243902737
0.145948937468
0.211556836617
0.12780341761
0.0811745264417
0.0918844652926
0.0905309044583
0.0969823401799
0.0343804688616
0.047317126493
0.0689579176556
0.0722368610099
0.112874876138
0.0485387458925
0.0728383893197
0.112168986042
0.195724499186
0.102795143488
0.0874148025152
0.0688305058623
0.0835205907566
0.0693122891528
0.0455378009841
0.0366488019899
0.0817110653574
0.0859401412851
0.0626589080593
0.110439477072
0.0978544458376
0.207383111213
0.0607935440347
0.104777785126
0.10862766995
0.191580515756
0.0546747999349
0.0458222150472
0.213393700512
0.161216612397
0.0925966388534
0.0852499868234
0.128810727784
0.0378703254083
0.114391414672
0.104947023683
0.0336260992239
0.101989506937
0.0887103025577
0.0935917280892
0.0771660685809
0.0796632574428
0.0582872194323
0.111916600819
0.0387203596364
0.104220163456
0.030087305606
0.25858877443
0.158547727312
0.046399476458
0.0863810636601
0.0643301711363
0.185482506621
0.0523189070073
0.171448198098
0.0882314678099
0.0497455187526
0.145027510024
0.0903747644419
0.0514664155694
0.0654509879767
0.0778471951005
0.0462113408833
0.146939471541
0.080674692355
0.0649226608966
0.0482960206821
0.0694977795785
0.0917092594432
0.171350712192
0.072662716851
0.113232423222
0.0635497941937
0.0730155141697
0.0359737538788
0.0570604979879
0.0676190431271
0.130205623324
0.0835807823336
0.110746141112
0.0899335853044
0.0253712434931
0.105246946004
0.129260350294
0.16270622904
0.134214151656
0.102090263374
0.122149401708
0.0988263099509
0.110186999954
0.0797157501821
0.140807501236
0.0610679711465
0.129617331796
0.0704996836187
0.260632407613
0.0810495942245
0.0556785475821
0.111043315546
0.0951172695123
0.205384363373
0.0543201089935
0.0339237511982
0.0746225666177
0.103962085915
0.172262063231
0.10664347475
0.177788470864
0.0840037641498
0.129146897486
0.147797949398
0.0916107899302
0.129917565978
0.133242664665
0.0558688520111
0.0582220879656
0.103987029166
0.161229852789
0.173520084289
0.140011779226
0.10193871572
0.149682266286
0.375540891836
0.202753025835
0.0497149241627
0.121202628079
0.0660529568412
0.0356497306666
0.0885037280679
0.0737452744544
0.118360874664
0.114290478104
0.232736554175
0.0779943376658
0.0386450048362
0.1263166689
0.130271271517
0.0361592501377
0.0612345409064
0.121676361763
0.16923208528
0.0560633956128
0.0354918117772
0.107927536064
0.0242206768497
0.190635161338
0.080656575077
0.0770349792385
0.0714176887784
0.084793232349
0.0978299227986
0.141813714211
0.119712011467
0.0450624912743
0.0458693102297
0.10077716638
0.0947815494994
0.086712813011
0.117673204945
0.0489989789264
0.148161931606
0.104008950118
0.118321677989
0.101951163491
0.0904143625468
0.14163696045
0.123018866301
0.105592832601
0.0429988861756
0.126524580394
0.0916232091577
0.112350647062
0.0639828224234
0.115926166281
0.155707143262
0.0813808565643
0.0961850263868
0.15551642498
0.0914000220022
0.0314613687331
0.13950186222
0.0549802734281
0.261727520097
0.0918663724176
0.0396518686039
0.0787031655404
0.250873363759
0.0629417170728
0.0554830176876
0.0311743574307
0.108826113324
0.111714085107
0.0283180151244
0.0809055923491
0.0778137349963
0.0644053482082
0.134077517447
0.0625005234795
0.0455025264478
0.0871690055066
0.155229391806
0.0392842714232
0.109848109615
0.127615845399
0.0987075954678
0.0668730054309
0.197935225274
0.0936559370844
0.0301691511005
0.0772003313412
0.107190097515
0.164388330928
0.193282913142
0.327930262882
0.0327031611341
0.152650824025
0.0976317733665
0.140972693821
0.208171644552
0.0298542642507
0.0477871629726
0.0577910271043
0.138252879214
0.0478122919038
0.0529937091458
0.172405654355
0.0499286762016
0.0404163720799
0.136625080222
0.120532471572
0.0955212607975
0.141327044103
0.211301220507
0.0509521778942
0.0806759990502
0.105178504226
0.0407209063195
0.104127639082
0.0700384967975
0.13291882392
0.122074823277
0.139385121994
0.193392010348
0.0638674182042
0.152794105324
0.035760496348
0.085255334568
0.0287475728411
0.0169154524593
0.13986281871
0.0973526943425
0.136137923884
0.212030349523
0.0678650042605
0.0691621650826
0.127273669878
0.0820037119957
0.240228004617
0.0521986361158
0.102489416069
0.167091603702
0.198487502014
0.22768161207
0.114251589254
0.126994980411
0.0508212735979
0.0751186552925
0.114140779817
0.0899856018403
0.0483715282146
0.0650023815955
0.110700106944
0.101910472522
0.0611600783479
0.0760305503825
0.090090025954
0.049978846701
0.115986901847
0.119273169789
0.128365664327
0.152134219569
0.117884013316
0.142504434117
0.035276354723
0.124549903426
0.0822061823711
0.225134405828
0.188001909931
0.0629669944914
0.165876244559
0.0827031124548
0.144361441809
0.0869664748167
0.0276700960627
0.102283154728
0.109911606018
0.0142588376179
0.0675705771908
0.175595308838
0.0435197422934
0.151931518007
0.0845453809925
0.110187277991
0.0425231243136
0.165665721394
0.13526248754
0.121097996113
0.0746950005225
0.1113423101
0.0323831816364
0.0481367768379
0.0688600672052
0.130056207366
0.149748156321
0.0994137134272
0.0768607833248
0.07929962681
0.0651975831039
0.0383975594353
0.123454409381
0.109463822839
0.0491775578567
0.0807082131999
0.0852629970507
0.0992243893903
0.0991287084626
0.0876721709573
0.0532721395343
0.0411170707888
0.0364268258422
0.112838238739
0.203307549196
0.174023228829
0.0521230537457
0.177021636585
0.0800950004594
0.10017387888
0.0593141523999
0.122903454122
0.0923915597977
0.104427174655
0.110542594017
0.0451111161617
0.174187709077
0.0811940171165
0.116955170674
0.0935103187051
0.0581909416232
0.247813134751
0.04404504766
0.106065082897
0.0636069814179
0.0926018374548
0.0411795959739
0.0757482218123
0.116853988662
0.0743842733562
0.269128021864
0.0647411701806
0.100222694948
0.0213392650327
0.110422855613
0.0702158047147
0.0910542965875
0.0718371614248
0.052284289555
0.081362865996
0.160846507949
0.278537913259
0.206885808471
0.109410485675
0.113127720815
0.0214060016065
0.117235041937
0.0509269625922
0.0581997613082
0.0619903773753
0.0922574431476
0.18865294135
0.111799778013
0.115522704478
0.122268582124
0.0825402822629
0.0480671721162
0.055783854571
0.143672427278
0.197708986751
0.271035858236
0.0833951241269
0.0757646842858
0.0931035491111
0.0894101384318
0.210987799507
0.111230237004
0.165990583675
0.0968838909122
0.124125944604
0.120923301928
0.0935044726132
0.113466956133
0.0977917364085
0.0660037236993
0.0874641663859
0.109812603055
0.107871122057
0.0925132573605
0.102667681334
0.240533551998
0.0718290954596
0.0744369855777
0.0595979673219
0.0567442561707
0.123877723599
0.159732458339
0.221006212756
0.123524142047
0.134846677099
0.113560685868
0.0717876432863
0.192843533071
0.143002141898
0.185149179819
0.102850889842
0.10662647402
0.0409625055977
0.16750459409
0.0748027638768
0.0553831647916
0.100507491683
0.0473023717323
0.039579974444
0.152523391001
0.0444251840831
0.111999299759
0.0797256883342
0.14955460707
0.0580017799778
0.156118714591
0.0500178910532
0.0542233766955
0.0280662343852
0.0474702093411
0.0905346018872
0.0800871091182
0.108081951299
0.0874491626474
0.0963952814499
0.0880924559073
0.210421637563
0.0753300796872
0.144691730447
0.24136484661
0.114095426345
0.129340449223
0.0590680734177
0.147812616081
0.0566929873215
0.119971547389
0.293993135199
0.193023461311
0.137063515487
0.0560690044286
0.163231014633
0.114499579332
0.166536976569
0.146735952242
0.0669271341011
0.0353920274478
0.0589882984804
0.108225337275
0.0556829048004
0.177760689517
0.0575498717685
0.0830671969092
0.0462201318861
0.070129666377
0.0763634517304
0.203259136933
0.131671993696
0.112103594889
0.225819827843
0.035991254645
0.200359729564
0.0223963029547
0.0732675927647
0.0701978845253
0.168460904776
0.179706047676
0.076678425397
0.0899844314535
0.123971689006
0.0659432194765
0.0809051291367
0.122403725159
0.0594944700167
0.0778193371264
0.13530738143
0.150457024937
0.139362700126
0.115849474946
0.134276460526
0.0599544417551
0.0809810541333
0.131208442092
0.125467252914
0.0665984609487
0.108054392699
0.0927275141605
0.0575973346806
0.129534639939
0.0654846092761
0.217956993114
0.120797771886
0.153876002597
0.148633941239
0.0257618084593
0.168874285312
0.0587051408456
0.162858178825
0.0977637290623
0.169036850034
0.201191659011
0.121502840977
0.287962550895
0.111074501035
0.0604016006119
0.126732140953
0.103802601448
0.0754614725071
0.0332978694418
0.137361038891
0.0628813794541
0.0560363154092
0.0941703534182
0.0958096382292
0.0914012771903
0.124011672531
0.0713734331158
0.120051016403
0.0429206225976
0.0373886255477
0.0227469992414
0.105227260272
0.0875204982838
0.026029446652
0.0850333338028
0.132292566913
0.0617205966789
0.0529672073255
0.0862231383555
0.0979003116518
0.0651138257987
0.0359812768948
0.309586085532
0.187116777809
0.0891074668976
0.135571577904
0.193634295034
0.126495599042
0.0327291517405
0.0494865760749
0.0284492254899
0.147115684893
0.0493013515995
0.0758222485551
0.120514214131
0.18790488856
0.0479527187881
0.123750138427
0.0518037294286
0.200276991126
0.0917109427479
0.0425353003173
0.0813086270834
0.0649615198819
0.124225601654
0.117219949102
0.134006605278
0.0706863500527
0.123967991365
0.123438698979
0.105748397523
0.0330454749562
0.14985491569
0.164232501981
0.152641838155
0.073179328782
0.0899523111098
0.172211464592
0.318306876259
0.0347244047253
0.102218871958
0.0946855801905
0.0983933552205
0.0419053999674
0.0873783953039
0.0903793513871
0.0255720916539
0.168770619426
0.0645898748901
0.0150033474618
0.152665634977
0.0719711397316
0.0389501188465
0.155530016543
0.17312849986
0.131306158963
0.130158775819
0.0649943902313
0.111185910703
0.165935412937
0.137081109298
0.133143914184
0.361440644736
0.036455623448
0.0769483206861
0.0568725340992
0.147077435954
0.15908672465
0.0537000761048
0.0718682917815
0.213100565355
0.117414484213
0.0525957707579
0.0637378779944
0.165206043067
0.12441710675
0.0851497577483
0.0686125133638
0.0720868632561
0.0450952890867
0.0724895201399
0.0746578133681
0.112341328089
0.0455224599802
0.0841982370792
0.150758556175
0.0822107774752
0.110575919397
0.0985209822569
0.0667199652385
0.0450930191944
0.072044537354
0.148324079271
0.069986654707
0.0404236215685
0.122087301505
0.0933602944021
0.0426875717543
0.127848901184
0.152442955463
0.104289746898
0.0906726735355
0.0283975381125
0.111169186386
0.0905329913049
0.138167882522
0.0310014144127
0.170863114877
0.161442843132
0.103870969822
0.107727921654
0.0839317172949
0.0935577673311
0.13572102689
0.248138071929
0.0904899701966
0.111947204297
0.0515114364134
0.0453068553015
0.0628270948377
0.0881084582288
0.028554814542
0.0313122864265
0.108015714848
0.109067430521
0.0815555540884
0.157307749089
0.0884524581658
0.055676227623
0.0993290045806
0.133924005598
0.0551720795045
0.122275304502
0.155650435912
0.200732518386
0.0741833027554
0.0916546892674
0.159550660312
0.124552931078
0.0779223686014
0.0587170902436
0.0446151777774
0.132345132489
0.0796504815506
0.0329189663548
0.127001286128
0.163450957574
0.0327603044876
0.103688111476
0.0567953004314
0.0835154488518
0.068649553911
0.103192504674
0.116823059194
0.112454917749
0.108274876672
0.0299443568731
0.182803861732
0.226768461563
0.0739532365056
0.0277440111993
0.0300758464837
0.0459023883248
0.118435119481
0.155131741679
0.154242207198
0.0371237074245
0.0328878774769
0.150403357253
0.0667047880764
0.039292180705
0.150531353736
0.0595811077762
0.106433275261
0.112739933049
0.171699714229
0.0930883779398
0.234259455295
0.213600315169
0.0786932035599
0.2351732249
0.047215792513
0.100107458517
0.0471843825931
0.127147929204
0.136344081818
0.127672173804
0.0432399482147
0.0924474956482
0.138645497571
0.106215110464
0.12339715959
0.159020716644
0.0492124816298
0.0404200794977
0.0476711443079
0.110323573731
0.0398443651999
0.0702373338408
0.132521046542
0.212532087071
0.0253224827857
0.125841464765
0.0674097574866
0.132110061305
0.104248673837
0.156059728482
0.137428076053
0.133629598171
0.084150414146
0.0859144794406
0.0605518336749
0.159468847074
0.141131372812
0.131719808314
0.108128439948
0.0519908270643
0.0780683564728
0.123097906587
0.0739714083779
0.0419514809768
0.176453544187
0.113415513182
0.106041773211
0.0748895505317
0.123364359636
0.155288320244
0.0951093466024
0.127567281815
0.134233767004
0.0306627743099
0.128752035969
0.051207589697
0.0702860829041
0.107560558413
0.113668419327
0.0984063795355
0.0572061655115
0.140595765041
0.125032877234
0.159930252941
0.0887440422904
0.241709465464
0.240672810643
0.0539994955031
0.0508321662204
0.182945148635
0.0143467900389
0.146088913339
0.057562394761
0.0448900077639
0.214068355165
0.0399357810602
0.0628321492828
0.0599340157907
0.177035812064
0.175135363122
0.0585979992278
0.115376678999
0.0737023229882
0.182970685347
0.101131129415
0.0965647482974
0.157045810742
0.0903553086727
0.101751258684
0.0634496027381
0.0706723784878
0.171628558339
0.0595714038371
0.0816387739883
0.0962633817645
0.0766248576557
0.227422513048
0.0598278410204
0.246100794899
0.0569165708127
0.138094777817
0.136301165073
0.193726423104
0.111390720475
0.0964786589738
0.106413783849
0.108145564553
0.0954069568709
0.0472741663063
0.0978094494157
0.0275163965606
0.12992628768
0.108914893298
0.18292485907
0.199648569494
0.0990351562792
0.0784640499503
0.110354648807
0.0307759801177
0.10313972311
0.0724919076142
0.0655338823982
0.0714481425681
0.069970859497
0.0344177553498
0.0491737413998
0.0863451443645
0.0789575670534
0.171337169328
0.052807719357
0.0288259921615
0.132428068826
0.107932044852
0.27953431139
0.0627503483723
0.0734404631421
0.0919097151586
0.142167744554
0.171748616707
0.0429706340065
0.159101500103
0.214104702865
0.0944828289243
0.0904872675527
0.0680700233968
0.14419257591
0.0645873351841
0.113734879962
0.127389617284
0.123286192253
0.0810239406605
0.0772942455846
0.0538239820062
0.111278277725
0.376301360633
0.0886764294864
0.0919053825641
0.0494176157877
0.0251719669216
0.0761717079125
0.242648123047
0.116281427787
0.0447797278616
0.0725704347969
0.189426308679
0.0824597064175
0.0956615589626
0.105127717702
0.121808938694
0.0478354376737
0.0946540469333
0.054508789617
0.0384116909858
0.0452765667575
0.0795420566441
0.0890452651836
0.101237790761
0.117072965778
0.167501540167
0.0502210789992
0.105936424695
0.0823010067483
0.137485493988
0.033577155737
0.02920220837
0.0342326148484
0.135385867217
0.0721176322989
0.103387671107
0.0720691109005
0.0630740558706
0.189226583969
0.0481715595503
0.228221219704
0.173190145191
0.0260268567273
0.0536124459215
0.205078195139
0.0463836783121
0.0413454078826
0.137549648318
0.150714725445
0.182437073475
0.0237792525776
0.0579184487348
0.162338971724
0.094799041316
0.13837589892
0.0943240241399
0.0711408872084
0.157945241716
0.158458551242
0.0583221106267
0.0885021547854
0.0604797636617
0.0928322782958
0.0573784293241
0.0864007397033
0.0191873601277
0.0917715140503
0.105877860936
0.189696950183
0.0508860069567
0.16127972723
0.0988882716725
0.229304501127
0.0693365324456
0.0443126455469
0.0614148186325
0.0937362749555
0.278009500742
0.12205518848
0.125434842359
0.107933761833
0.0503653957256
0.0393874950579
0.0336742551732
0.0743665825875
0.147573951428
0.0936751839666
0.120224214048
0.0769734885904
0.0407833227237
0.0846075730499
0.0655268248586
0.0890813325684
0.0885796300717
0.0756185901447
0.0895276643052
0.0644071436891
0.127778504041
0.0858139857359
0.281705501392
0.0942580778132
0.112626809457
0.0434297530621
0.0780789537866
0.0588674677724
0.0992067689034
0.0683963655147
0.120000083655
0.0887631140739
0.0574395207797
0.0293628613956
0.125394435769
0.10520072626
0.0881589628455
0.219227902269
0.0610595767596
0.0978437666201
0.100700611687
0.0531749881367
0.0587297058501
0.190882361971
0.0721494471293
0.0887716155751
0.0678686177046
0.0605488404412
0.0807149012289
0.109521448092
0.10811209749
0.093418380978
0.0734722909901
0.105841444353
0.0901114525757
0.0850032880749
0.0622405322333
0.15998106805
0.0723552171417
0.144412088347
0.0892827098206
0.0488030414699
0.0338949942276
0.0996379028079
0.0262465843789
0.288419494014
0.070514466778
0.0542074801809
0.10239069352
0.11336358594
0.0352903903654
0.130453375238
0.0660397196667
0.359843227689
0.0780311865382
0.106489116106
0.0969666821301
0.0752578328845
0.138528334079
0.152953557393
0.0610897264707
0.146276227778
0.135583698294
0.0484918769553
0.116236559488
0.106307774601
0.0795561774847
0.211159373079
0.201777760094
0.0459210323489
0.126767336348
0.164891966406
0.127534050702
0.151535326882
0.0869032770346
0.0667631785504
0.203187862649
0.0692759462564
0.0945486320105
0.0958776760255
0.109979359105
0.0889181585129
0.0562658089121
0.0355598366749
0.12842341974
0.0368134640304
0.0582123881132
0.0352024195828
0.0585993114478
0.0763667802552
0.204180861233
0.0117484735514
0.0873551716433
0.220464295673
0.135054224005
0.0728075516909
0.0792083866376
0.123879996797
0.120186422404
0.076516560767
0.0649119058725
0.077348888852
0.0673189181458
0.155245935069
0.0394475688554
0.0956745149387
0.0710861635562
0.125472477037
0.186396797321
0.379694484021
0.12242580644
0.143382378152
0.111509780714
0.0962153206207
0.159490232997
0.0764641711834
0.0711244246182
0.105230649059
0.0768601682339
0.153186548924
0.0994742754405
0.0456354282641
0.0256720770928
0.309225180023
0.175219079033
0.0479133957835
0.12576855588
0.147958534119
0.0768312522559
0.0602695858215
0.0528756369887
0.0800988560545
0.114444343702
0.112581438768
0.224972485707
0.0921823710502
0.0970209224243
0.0536733948502
0.0466367566342
0.0578766990135
0.118616554501
0.0785418404851
0.161886221852
0.145015317327
0.105097066674
0.10611197477
0.0836498870562
0.093494729928
0.164993160048
0.132713854993
0.235386107912
0.170890189989
0.197751102855
0.0714954022268
0.0784219915773
0.173798619987
0.118728355994
0.122734837405
0.124866203456
0.0733455879738
0.00990310677773
0.0705332932662
0.0989723587873
0.121101239052
0.0819255046838
0.0652485477415
0.0697352005079
0.0763581760837
0.220313074992
0.148248449557
0.0632097937473
0.0427041683117
0.119505451367
0.200371805946
0.0797153916744
0.10460494685
0.227139355897
0.0515229082229
0.0782807227537
0.099487226345
0.0657461552559
0.100351166515
0.121678603545
0.111541242852
0.159011565161
0.0250395462285
0.0459754772318
0.087871712162
0.171689536062
0.105674528843
0.0963366362172
0.0382702900304
0.0571552067509
0.113866806917
0.11870883289
0.0643106487794
0.0929003809273
0.079901350357
0.105304596964
0.0732380407304
0.049573763359
0.11583260595
0.0595676043513
0.165200717832
0.0260508606551
0.063589335258
0.0794181142357
0.0754084660276
0.0488319105442
0.0515261974109
0.102256636407
0.117664191898
0.0387571274928
0.0361851905414
0.140771807472
0.122407758891
0.108396878182
0.0995694845764
0.0652978205097
0.159639646848
0.0660188468062
0.0838668834726
0.115213073774
0.0530498259214
0.127858501487
0.124945262192
0.064523814509
0.0308867915084
0.167726704776
0.0764715081904
0.036797466765
0.161341085434
0.167695064525
0.0742659337112
0.153521839534
0.053502717682
0.118356292194
0.0539160991409
0.0530519345333
0.1642432619
0.0553988678777
0.0625067340058
0.192985890768
0.204541750923
0.0647204243752
0.0458951827254
0.197183460621
0.151229342281
0.0407728474018
0.0258181998826
0.0852170291872
0.0939798946242
0.0316460048517
0.111112481362
0.12565119727
0.0963752010773
0.074654964562
0.294377538578
0.0345321433165
0.165214382176
0.0701650873393
0.0371312857958
0.0825024188106
0.26103132927
0.155337492622
0.0859154497374
0.071714586069
0.0634755020975
0.285781703072
0.0627774606208
0.106027924413
0.0572740337912
0.0618302644896
0.0813413330122
0.17151634956
0.0640320982533
0.0340787002456
0.10706315957
0.138487670773
0.131861159429
0.0804149056452
0.0789469702976
0.136875444367
0.190955817101
0.114028458278
0.0875818207259
0.0966228901298
0.0765005588356
0.0763069106214
0.0749177965334
0.181423369153
0.21211881192
0.144078035263
0.0916998710693
0.101536332337
0.0632554200481
0.129142962483
0.0426154447308
0.0962135406943
0.0501478614215
0.00603819632003
0.11293178007
0.0563167140412
0.0827643445895
0.142834177997
0.0721378132092
0.135774102537
0.0511108888364
0.0746400634332
0.0410486354666
0.0731810985639
0.0868846243115
0.138597455042
0.175986361278
0.0761522040267
0.158655007859
0.155195963648
0.170840978562
0.0714134322928
0.111779202394
0.118242880616
0.154188988578
0.0216670423661
0.0798344888978
0.101809968485
0.0953836348066
0.0883399993516
0.0882561138636
0.0527201153973
0.188804531967
0.0627713987415
0.250561534461
0.0564458406509
0.101219695787
0.16788928292
0.0480247061169
0.129994655167
0.127520411967
0.145900631618
0.0707647301239
0.0756004514592
0.223076100597
0.137507080302
0.0306467331336
0.113527309826
0.127861755873
0.157445250213
0.062915226491
0.176809193141
0.108077593299
0.0452607770752
0.101944887548
0.0632565904582
0.024294808917
0.048493222643
0.107481632237
0.0427296503646
0.270251010011
0.0503175407938
0.101012422696
0.0634136014072
0.125263567284
0.0870105447689
0.145765560756
0.125601901033
0.146739768302
0.0889165670986
0.151359859442
0.106980203984
0.0926514160072
0.0822023414512
0.0549057246629
0.0985339485754
0.0632208043983
0.399486466982
0.228153742245
0.122871327497
0.0648908028537
0.118949842253
0.0603133304867
0.183841475278
0.0345398080618
0.0804177579925
0.199084202022
0.258269199629
0.29184473909
0.0891325485279
0.102947625232
0.0266064663793
0.049613572755
0.0241562712229
0.0926546080188
0.0545268652108
0.0945819933244
0.205418115976
0.0492127819489
0.0067346846143
0.128945801523
0.107206210897
0.0594191220088
0.126195562203
0.135379857129
0.070358747488
0.154191392261
0.0959497080678
0.0810076095239
0.0588485514036
0.110329799185
0.0255947983505
0.0496803935008
0.0418268911196
0.26393445535
0.0939682166383
0.163531964479
0.129175236673
0.155624902984
0.112557029021
0.0558879265218
0.0409257551952
0.0423345316004
0.266386287529
0.0729335576713
0.109172983251
0.0990137985924
0.0898860310456
0.0999687470513
0.0641817599125
0.18486037588
0.121490071206
0.12108475965
0.0990048751179
0.11352604557
0.0197563596011
0.123307993831
0.112496509217
0.0407322155877
0.0416368762737
0.0876511870956
0.0228363316232
0.0558641566507
0.112245265853
0.131338410911
0.13771464922
0.0292959549254
0.226230552475
0.0491294251264
0.0424532844041
0.132195670292
0.181085757724
0.0738444067233
0.078651437015
0.0521576213801
0.0319237627003
0.0395624300379
0.0657123394528
0.164231180755
0.16147279498
0.089398372939
0.112628434727
0.13621592432
0.128254452042
0.133003670103
0.0966530489566
0.135536108698
0.068937591567
0.116715248627
0.0914379528416
0.101272924214
0.099989015986
0.0860281042752
0.0318585903268
0.141620058911
0.0596462275019
0.0816673400812
0.0802813169274
0.114273429503
0.149125484718
0.114222608939
0.208748802815
0.053112289617
0.0222335471125
0.105079861808
0.124923314461
0.173428622392
0.111917583288
0.147098672968
0.0801352912701
0.0807858581251
0.106067154731
0.0385658527209
0.155829202883
0.10562827891
0.065732968595
0.13708985697
0.0476535391127
0.114599084085
0.0560639126159
0.111485482533
0.124109981432
0.0887165744762
0.0561787101667
0.0381604289029
0.117913049653
0.0988831214572
0.0518773241817
0.124457842849
0.135198830366
0.0487607335988
0.0973623434449
0.082319497671
0.0588796359444
0.099217082915
0.0627621566213
0.0471022329734
0.243561951735
0.124322935118
0.0510333123733
0.0668230496128
0.0871658658766
0.0614044621427
0.256726680576
0.115572924977
0.0753148209808
0.100747387011
0.231615401798
0.0791570838844
0.0466532359324
0.147363357933
0.18124811976
0.0482315201598
0.19496492331
0.0833219064075
0.0888189815231
0.0196183365924
0.257809268049
0.0884724987874
0.0789783327923
0.21689814981
0.0922509439481
0.0840814668672
0.120850677734
0.0886901095936
0.100893298686
0.025988719433
0.0831015533777
0.209225807966
0.16812266617
0.0955309013509
0.047256101241
0.171890430535
0.174385929257
0.0686025472726
0.158246122831
0.19370997597
0.0351670063289
0.14371164717
0.0542715067016
0.130251168045
0.164524412917
0.121245089411
0.044144418808
0.106517511679
0.0325730640312
0.149656704358
0.0618793879287
0.0234339489341
0.165653885226
0.120076327913
0.0970564935061
0.0744015801649
0.144077348424
0.14796971575
0.217960833144
0.357963008066
0.121864386821
0.25336007405
0.067604465656
0.142520932183
0.130299141842
0.140207009087
0.054980087084
0.113777326381
0.127159150367
0.174996504217
0.0992017440759
0.0893388840792
0.127931852254
0.070976682442
0.057868509676
0.108934132397
0.0460194103935
0.0675419239491
0.128877653654
0.0149252507979
0.0629961258313
0.0188127442143
0.22006062252
0.18528126992
0.0775811686574
0.129924359569
0.037567033438
0.0436201271535
0.0551013035971
0.0911463384488
0.117968224066
0.143131748832
0.0775208220541
0.0482294994632
0.0821285622174
0.0642786780131
0.093560525346
0.22559888466
0.085399871534
0.133786114612
0.0796112488705
0.171842379334
0.1594360782
0.113231487773
0.0971693551478
0.132769648341
0.24173750735
0.112248058381
0.104956514247
0.154680075223
0.077289868716
0.120525498641
0.148245744548
0.0795335614471
0.130650099523
0.133999761656
0.158515662056
0.0801705724015
0.206806587398
0.0297681273007
0.213641408673
0.028577800748
0.231757676234
0.161110105804
0.222864409803
0.0349363436272
0.0457273443669
0.10142037473
0.0409561038236
0.0545478662949
0.0603940820389
0.137156323292
0.0857653058219
0.0458925444906
0.0847158417627
0.264925045933
0.100872826513
0.0859472164011
0.161016023508
0.0722646910245
0.10208056406
0.0797044246635
0.0751126575631
0.0787194249447
0.0662198591608
0.0924486538578
0.0620204196162
0.15691456242
0.175980025007
0.0998345124364
0.0743724741118
0.227525630873
0.142574566491
0.143944470717
0.0844634750378
0.128611700495
0.169638838676
0.127115893401
0.0934062743179
0.0640207487258
0.0961372322551
0.0587641179718
0.201133835082
0.148642000149
0.0383954261409
0.12240211018
0.150617530398
0.191106270796
0.0156161438136
0.0893183119398
0.092281225181
0.0748293697245
0.0695833318274
0.148924624948
0.0588074862755
0.217306432418
0.131666655111
0.0625712682407
0.102396819359
0.113974182721
0.138176088323
0.0921881402948
0.0970350552571
0.0974281455278
0.0499853059943
0.143040391118
0.0624893472452
0.16401480175
0.148881584044
0.147068882167
0.126372989374
0.0520912525227
0.130378332009
0.144018151549
0.0313978101797
0.0780774300915
0.126092314157
0.0961424955303
0.26664138901
0.0800724810351
0.107928799378
0.145772321374
0.0498526910338
0.0568460483705
0.123255024468
0.0538965560028
0.131888443883
0.0697211475274
0.0685207748544
0.0310596455443
0.021909497377
0.120127396196
0.124233216727
0.0810731917794
0.170335138777
0.0884805008655
0.070660531538
0.0792091190246
0.0412794047775
0.0241653298803
0.0848731576108
0.139442003531
0.095781988526
0.158272055499
0.171287931802
0.0906538292941
0.0794986866137
0.150438999569
0.0744877346667
0.0946582086421
0.129690560377
0.215728623896
0.0382765301068
0.131348292878
0.0547037364015
0.0974626414255
0.125249215764
0.24486364833
0.0347051842276
0.0366045166915
0.0950072924157
0.121027014993
0.251074064239
0.20963552615
0.295820121283
0.141255059903
0.138749566902
0.10828333017
0.0348245101945
0.325368471554
0.0981707963154
0.179941769474
0.0354774268503
0.122146011214
0.0896829918964
0.0523614265643
0.0873383592447
0.0369587691676
0.072110324794
0.068093268815
0.112303250954
0.0214383983833
0.0664303858889
0.207255280531
0.105510765982
0.0505864100023
0.134347858317
0.182752009975
0.113888914119
0.0967329149568
0.0659092589506
0.13926891897
0.0443847118465
0.0698319131515
0.0374167461011
0.108068470207
0.0968476491182
0.0601385023572
0.113567242184
0.0554033378769
0.113009820647
0.131845742487
0.112648036964
0.0460619180701
0.168873484303
0.0513223454648
0.154450141278
0.160143886523
0.0910240672134
0.0412015450959
0.20268888076
0.13576708324
0.0499564378979
0.257513678704
0.151021817157
0.118548767901
0.0715827800746
0.0781277047995
0.118579806199
0.171733407677
0.138205013352
0.0515285827437
0.132206657466
0.109089068831
0.0900116830512
0.0471218656013
0.229133640184
0.125863809942
0.183461731721
0.14077798265
0.0984719695702
0.0895575306482
0.119054210282
0.0686925145894
0.0906103196938
0.0807706362422
0.0341286757718
0.0771449775108
0.108626329709
0.19910001977
0.0766366676158
0.172380021089
0.140045912391
0.143080074057
0.087805774944
0.112865534823
0.0390315839003
0.0742985104765
0.233911310486
0.100055884245
0.118712685161
0.0833676936116
0.0411428224957
0.0530432456098
0.101910872945
0.125156096307
0.0437109938127
0.148400045046
0.300114285276
0.104924300899
0.0651325794228
0.118650403205
0.157715271313
0.182624981739
0.0456571252042
0.0609309025219
0.126490723115
0.0960335100694
0.0960422654887
0.233931445967
0.108215236169
0.102984581928
0.0329952915349
0.171966866216
0.0492995960219
0.099377509154
0.108025157423
0.13467220692
0.0910820841986
0.182782752917
0.0916451711883
0.0690672537484
0.0691315684659
0.120953190715
0.126842203505
0.172667721233
0.2102196994
0.0335515344682
0.139702000418
0.0754440169398
0.0679149460949
0.126298357528
0.225650971548
0.118969643219
0.128921551983
0.0318995458463
0.121859728106
0.0802850971504
0.118914395438
0.0875516858284
0.0835128975069
0.156566052351
0.0978841730001
0.125656470748
0.0468704972845
0.104777236062
0.0421923627642
0.121427822491
0.0735125625435
0.139463993032
0.0936766217465
0.123576151651
0.124326949748
0.0900301900452
0.0286208413009
0.175366176919
0.149144566629
0.0801152241595
0.0508767031815
0.171812264211
0.106804138191
0.192215880895
0.0929760594322
0.17388159568
0.200744449334
0.0364776866752
0.0769326535858
0.0872985926968
0.050069674762
0.134623444673
0.0474930705281
0.130080912065
0.0772101221884
0.0641160817922
0.0892302707783
0.024149040667
0.0830249599359
0.148372746967
0.14927106113
0.0976772223229
0.0920480883061
0.11606899217
0.119048962286
0.114944283134
0.113793800476
0.0246058786783
0.0830928145797
0.220781339936
0.093911005157
0.0810903305906
0.0749216045635
0.040644860453
0.0963744346188
0.0350900150162
0.129393090296
0.112148775645
0.105383332947
0.218315230486
0.051287968162
0.0805031292953
0.0706375455864
0.0711071212419
0.243916737166
0.13932860558
0.275519927577
0.166511564807
0.0330861107106
0.0401216137875
0.145978883074
0.0976672658509
0.0968774636074
0.0819565082891
0.0662721547672
0.218924174037
0.270406332876
0.0533498893997
0.180019542373
0.0944695777813
0.0806388916185
0.0571046030423
0.151526873329
0.103925796324
0.0683961276146
0.0805291739737
0.033413993508
0.0813751888084
0.0647491754463
0.156816517729
0.0545298997431
0.0630263175117
0.0734075676376
0.0844509244725
0.0660959235421
0.112615496739
0.0497818457434
0.0710031076386
0.0407360616974
0.0282017052181
0.0689884448992
0.169598076496
0.0841494454095
0.0631719346319
0.112298850289
0.0864301702726
0.0989511809951
0.106724049043
0.161775338189
0.242789660479
0.27143214795
0.204131850497
0.116074871573
0.040407523513
0.123314853444
0.0923876250305
0.162620223135
0.156571780606
0.14325939383
0.0972099210024
0.0408399559549
0.144731654378
0.115110901754
0.0545957113696
0.022291428042
0.107091711991
0.0574990976223
0.229004800429
0.24107180852
0.127444348547
0.074630829018
0.0427192342756
0.112977368995
0.127157655588
0.106907624026
0.0248192050213
0.0782605149457
0.0764066476952
0.124566800725
0.0424899232164
0.186355321571
0.0804322772373
0.0413043710503
0.0770061167624
0.123226689688
0.0912391762754
0.145946937032
0.10283956746
0.0341954169981
0.0430749705189
0.302539027687
0.0919691645112
0.109387228159
0.0309129666075
0.0521542503739
0.125878317205
0.209105602447
0.113881589983
0.194296470436
0.152606163723
0.0886574394572
0.124083654061
0.10956267034
0.156563174005
0.0850529366764
0.0709596689268
0.0563945328509
0.051400343832
0.0589604834438
0.0902420191335
0.130683189547
0.0632754035472
0.134254812365
0.134239081538
0.0935212370904
0.241706677143
0.0510909221934
0.141628998016
0.122214018024
0.0778094001571
0.042070408969
0.0715363783306
0.267880870859
0.0868221601561
0.137755450071
0.0871511131295
0.0784955476151
0.0658811695385
0.114419344367
0.0825275671991
0.154848957577
0.10262871861
0.0328521718401
0.182607701245
0.150471656122
0.186199189369
0.104245318092
0.0597258736697
0.098736755091
0.0415278074711
0.197922711664
0.069712522705
0.0243600612733
0.165013691002
0.0515079819028
0.130051860607
0.0870370789422
0.070083688702
0.10820122719
0.0589109359479
0.0481375426101
0.0580340584898
0.0203775373652
0.103262968216
0.0580322311882
0.0435167462706
0.211089821624
0.122900483902
0.129361567856
0.131229205962
0.119192121118
0.0869753093675
0.0833127292607
0.072348710041
0.0383927574851
0.0184196027449
0.140007086876
0.0836932673262
0.0790595809525
0.0753441143376
0.0932409799778
0.0954360791524
0.0606472333797
0.108050132519
0.0796666931682
0.228470492448
0.054667241909
0.088672427296
0.0747219430788
0.176056749571
0.171128834323
0.338768364278
0.164807312699
0.0863802829686
0.0658739718389
0.068442539201
0.228312395062
0.130929879444
0.0723851592588
0.116417431482
0.226931721279
0.108237448679
0.0954547753063
0.123808940942
0.130377952952
0.150796585151
0.0638702079205
0.0663133496734
0.0247801145183
0.0811437263716
0.0412946328985
0.105652265245
0.049789364247
0.0400345824631
0.0600267557847
0.0761441357608
0.236546541778
0.38390589972
0.0782684526747
0.0624584480891
0.193620921669
0.119137301167
0.186557819252
0.0976692974288
0.186455563617
0.0568567230825
0.124688942265
0.127773148823
0.137028118593
0.0209308006171
0.130787443152
0.159982152858
0.0994133465843
0.0673829470778
0.0852372580201
0.0539835793903
0.158548579803
0.0911825209718
0.199877697832
0.0863192005
0.095891412741
0.0374619677498
0.107918347184
0.0314861217188
0.0473423970479
0.0496006123757
0.0851387781148
0.288725254813
0.0594926887894
0.0980201184366
0.0336542130927
0.109941239007
0.0644879964133
0.032045383945
0.0707073870285
0.121062676072
0.0625414165484
0.0510577917143
0.141024467367
0.131039068601
0.129173614556
0.0191492105554
0.232302457028
0.0669985075921
0.0580471166513
0.178563125934
0.0570012382322
0.0770769242278
0.100306215648
0.0821634608757
0.118133506326
0.147923657089
0.201414458173
0.048318374469
0.204409151576
0.0702969354064
0.0471536353737
0.151370986696
0.0887024433825
0.0660955262688
0.112623487853
0.137282229817
0.0835656079957
0.0850618856334
0.25395740411
0.103526941856
0.0290850966357
0.0340907744509
0.198972594881
0.252510458577
0.0427310786204
0.0459755263175
0.0822218114637
0.0244443370492
0.0963989927915
0.0638020870408
0.16682199001
0.105894474389
0.0346052979019
0.106809776406
0.113122530185
0.0833637390858
0.0450620855215
0.046546019291
0.0658745980599
0.0728534062647
0.208734471476
0.159973412311
0.151621738138
0.0759918452201
0.137194418253
0.0684986378122
0.127788727169
0.132200638825
0.136311261955
0.152346537356
0.133616093
0.129426480509
0.0827628845342
0.21364868059
0.101143568815
0.144348891507
0.143608385316
0.0670348030261
0.0472576887266
0.14835806511
0.0352850984145
0.0927592979242
0.158583730795
0.142617543825
0.115454869004
0.100771414041
0.117041205836
0.030190360739
0.0938932625456
0.0759035779686
0.10851406015
0.187009772941
0.125710565305
0.0719671427627
0.0930283185361
0.0638482062796
0.0292840591299
0.0568520665049
0.0654581774891
0.043321462227
0.181648668935
0.08859545362
0.135855068289
0.265677505469
0.114167356524
0.138213896261
0.0919626532631
0.0620694312734
0.110933548751
0.0856193237758
0.110911910607
0.0677442009923
0.0987159121161
0.257526028919
0.0580900020203
0.0649359279066
0.0475113039048
0.280723503655
0.0934361408561
0.192851962916
0.191893823099
0.0778315637246
0.0497568586118
0.0126419640906
0.0555006079663
0.0692994504835
0.0447592649682
0.0752534866026
0.160893625033
0.0776211550207
0.119765623329
0.156577827711
0.0230313924006
0.0946976554799
0.168449162507
0.20179535573
0.0944944648812
0.102951585677
0.0595817777061
0.252373896885
0.041321395824
0.189033193954
0.109738175689
0.0339084942723
0.0740377396722
0.129846947937
0.50545055598
0.129290110498
0.17592078253
0.0868390360881
0.130515251399
0.228348940881
0.0809435778075
0.233468596011
0.0756415198414
0.140776870492
0.0939753599925
0.03200534273
0.0934952624173
0.0458925893482
0.0894944148404
0.212925362868
0.115691939694
0.130287787914
0.093379701993
0.101036385995
0.0462695906272
0.0880458229739
0.0568307880481
0.0344385654208
0.09191747402
0.148014082288
0.0413561260195
0.0827738436122
0.09918238063
0.063175582602
0.0269453999529
0.102448333744
0.124451101667
0.199001926483
0.0797004384141
0.0623601877702
0.0544445484454
0.110649673352
0.0656055086659
0.0334848113115
0.0949093607498
0.0549986141718
0.0880881988451
0.110555359186
0.141583928395
0.044107925001
0.0817753460126
0.125003580711
0.0689709925375
0.104019315366
0.0773064776178
0.103979642867
0.0444081560825
0.161445235783
0.0872730506115
0.0733117836627
0.102083484611
0.147704688257
0.107333358706
0.0795724105384
0.267746108331
0.0807985518096
0.126104887929
0.143864875198
0.188214291156
0.10407656513
0.0784409355465
0.0925003598396
0.118023865168
0.431664668455
0.116043549308
0.111164505793
0.0394244367514
0.125077809956
0.111901407357
0.19875764899
0.1803199083
0.0658571201296
0.0360199042975
0.107424874347
0.157477909275
0.0553506269818
0.127184983881
0.052696247832
0.101588083019
0.15930615695
0.0810922810934
0.0722345535279
0.0419579584584
0.11960080403
0.0807922816253
0.074665818152
0.112541706964
0.187209102964
0.0719357341389
0.132659077228
0.227010421538
0.120612603965
0.0442444751273
0.0661168883211
0.0703511228502
0.115064959423
0.0966800500726
0.0801329896055
0.218645379112