0.0551039569948
0.0622194436413
0.0545689158293
0.270065391729
0.0633351410977
0.0693622322746
0.156190962741
0.188973787251
0.118948777872
0.121280059687
0.103237129039
0.117171212089
0.0649293256356
0.0575857116067
0.136276314908
0.155485316415
0.081455303608
0.108083799269
0.0765133089298
0.0674946950578
0.134818179479
0.0316984207411
0.0626319461159
0.131633405869
0.069054010886
0.157251388128
0.0708132587188
0.128510789008
0.0483922647135
0.0832676643132
0.0422968469518
0.10903788739
0.16816312036
0.141478190545
0.170561680928
0.101252958829
0.0797871480611
0.0603715055328
0.120627543432
0.102966909282
0.166822673193
0.0717115091958
0.154497924011
0.0358015442
0.0569139707698
0.157337744577
0.0382634149311
0.0892790814327
0.0617826842284
0.158967437945
0.105429461158
0.124799218291
0.109151114638
0.091858235826
0.139148208534
0.0872218076092
0.0337170471994
0.128118710526
0.0747559914233
0.0821428546343
0.0630811459405
0.105463137621
0.0482861622905
0.223063935491
0.0845594397024
0.0713412384861
0.153231186285
0.0838599534505
0.10612809378
0.168006263651
0.0659092811765
0.0659095189053
0.126315572856
0.0889081344928
0.102052731916
0.127181653388
0.102058572008
0.129096295149
0.252348940213
0.094870957112
0.0802351598326
0.0470133134481
0.142478037182
0.264148955496
0.130153480149
0.0571153510204
0.157541895847
0.0934792909724
0.110484775999
0.0397073802607
0.0522561734556
0.0804492342805
0.0721423885298
0.133897584562
0.106979438867
0.0905769217601
0.0854230388702
0.0560630949956
0.149429153755
0.101718815156
0.0374465825264
0.0379440067958
0.0552490243682
0.0860600736192
0.0961640629941
0.0629132756534
0.0550932766499
0.075804854702
0.16982098671
0.0746083693936
0.0278512930046
0.160799620584
0.110577457657
0.0251318828671
0.0954617257614
0.097525499925
0.129926461266
0.0853583920782
0.0745170889018
0.0732390664752
0.146551137755
0.0419738010711
0.109415715862
0.0965514426417
0.194140393602
0.0177968716775
0.0640577379834
0.0938658400983
0.0425625306078
0.131909522742
0.170766819775
0.0242961387626
0.106339052155
0.0723768238478
0.107328608582
0.24187758916
0.0615970734566
0.04936934594
0.0912209156354
0.0493341604502
0.280749036367
0.0725498413878
0.156462756066
0.217971811144
0.0404657285697
0.0618668870437
0.0647742506462
0.161807807157
0.0900779905932
0.200985860008
0.282522985772
0.194885427554
0.0903772152852
0.0482266317288
0.0926103969515
0.0607731246315
0.158190839811
0.115193518768
0.0533578284911
0.223910121402
0.116189618705
0.0235616822347
0.075469348298
0.259990980929
0.0976967185511
0.0777566264003
0.051175522124
0.110546271561
0.176648340947
0.0258444128889
0.0504334812065
0.171550356569
0.11498590163
0.14240700058
0.0368845113827
0.0967066467537
0.1391856882
0.11498277756
0.191110136363
0.158832405952
0.0629294645678
0.0755451555193
0.0878082562094
0.0362236796426
0.165660762596
0.189894850657
0.0982048115464
0.148006502695
0.165940032064
0.0781348322488
0.181052637496
0.143720134377
0.0787613906056
0.230050291281
0.148697801275
0.0670897486315
0.0566852421954
0.136111530381
0.101520647584
0.111264214347
0.151137723255
0.226890751099
0.10428876073
0.0843565980083
0.161515983421
0.180534650716
0.0744434419076
0.0952466159377
0.150727596872
0.0813984624007
0.0325760587369
0.0867463277916
0.0713845027028
0.116042074405
0.0870518297228
0.0622049325231
0.0979079506454
0.0697813357339
0.0548878573029
0.0574380447096
0.100738174862
0.0252657628469
0.0543966540827
0.192433996438
0.182067286777
0.063787401475
0.14361458994
0.0852452598948
0.119930661479
0.116762823439
0.155740648416
0.0721036234037
0.0589913488963
0.0909096792238
0.126936971006
0.120440641904
0.0403235175011
0.100343770897
0.0579664071654
0.24240426922
0.044437812907
0.148147524913
0.098427881942
0.0674889250794
0.0746724722447
0.162506966351
0.0922489395482
0.10443269834
0.0785344160376
0.0212211262479
0.167656153721
0.0551565004671
0.0363956334965
0.153592728011
0.107900015184
0.0864693420212
0.139436045646
0.114493721146
0.140266776222
0.105608930008
0.0773808802528
0.121317110994
0.0784282878361
0.0455797856385
0.0570697615747
0.0865685147942
0.066366859524
0.0785227790097
0.0715013104254
0.113167363216
0.179873356448
0.157303172246
0.11431020548
0.0851902137998
0.156779786514
0.0980990400349
0.0995024002675
0.103594140348
0.153645753292
0.146069466575
0.0992334887333
0.197455515208
0.0402320525498
0.0839595852297
0.138284963007
0.0392111360634
0.069746682281
0.0635778715604
0.300275031443
0.0910256171665
0.107195030853
0.0475701025578
0.0726237039654
0.156949973784
0.10878506508
0.0638623020369
0.0950587238855
0.0505563228946
0.0653342177584
0.205596016817
0.206717654124
0.194615789522
0.105643211961
0.196311890163
0.19643184222
0.257797670885
0.189474168357
0.102940224717
0.0778637496083
0.0741355932499
0.0532375708247
0.134944289741
0.18996552033
0.162714956243
0.196094920318
0.0409036278942
0.0530965235413
0.198580450422
0.123657011623
0.0957481927529
0.0651780606213
0.218026867083
0.0586463554056
0.0852375528894
0.134543579106
0.108068060266
0.104633473146
0.111677575263
0.121963641972
0.0761553919264
0.167806653635
0.157389945453
0.0847977124126
0.0619153312185
0.0510226282213
0.0760366147135
0.148142492414
0.170357684241
0.150942761758
0.117736817644
0.045193718786
0.115548627329
0.18315685749
0.140624071013
0.077856563327
0.0381698797541
0.106438492172
0.0701677284068
0.130581364613
0.0768118351789
0.287366611873
0.183202144532
0.0230143003046
0.103726656482
0.0325777856723
0.116836802069
0.14717488902
0.132991399173
0.128380292901
0.1285538535
0.0901627863707
0.0609780393163
0.133025109459
0.0864807407758
0.0703791593397
0.111118631881
0.0757139169244
0.0594536159105
0.129694255674
0.115898626985
0.106940451471
0.0596475775657
0.144984346472
0.0404340322765
0.0470851453941
0.0636136674843
0.073859620334
0.113180769445
0.110216525969
0.144776820533
0.0647411957422
0.122932072673
0.0234845751699
0.0677488492996
0.0792299843266
0.0811645112656
0.0366340016351
0.0535045675839
0.145604706138
0.192993919016
0.0774845162036
0.107989211285
0.0874693736821
0.158516547773
0.0877338036669
0.0808141487046
0.104015634552
0.0555169131019
0.104526204203
0.11813547195
0.194847357717
0.0529085753638
0.0850546046122
0.0538788852052
0.133947955381
0.0990129446631
0.130348424852
0.123368031955
0.0460676221852
0.0938590504658
0.123789281741
0.0133579063183
0.0790637086919
0.111910848415
0.256809551089
0.0500972228165
0.11235538961
0.124596640783
0.0492056014128
0.164353200783
0.0984164692583
0.104838499972
0.165038055265
0.116189511134
0.100995038235
0.0366810667457
0.0881225737918
0.0845084824425
0.114272198771
0.072043303357
0.0602285511113
0.0614076593715
0.0595566550316
0.0206941907322
0.151431238946
0.107874173663
0.177003378563
0.0821039728628
0.100491352717
0.0931815919512
0.0876228386613
0.223387483671
0.138530453454
0.228578223707
0.0739097086775
0.112324125541
0.108638448037
0.12619345631
0.0951124638965
0.133251169551
0.0161713301011
0.170257620788
0.163414199078
0.037478379055
0.0549947814963
0.0811529086725
0.123286116406
0.412215344505
0.132707644983
0.097595986762
0.0590630896312
0.0574919390162
0.263020000354
0.0863377966869
0.0880528049118
0.115170800241
0.0844521979315
0.0460425165891
0.148950011468
0.0708107862415
0.0701854741422
0.0564779582627
0.055198128643
0.128247756118
0.0907774393889
0.140077430667
0.146533417892
0.177270757971
0.193493479989
0.115126529549
0.0889674762069
0.0763305354498
0.0994666440771
0.159286123198
0.203470393212
0.115475231501
0.198182782337
0.0723462217585
0.0762285065692
0.245202801655
0.266693222293
0.0804083356891
0.0563515863322
0.14732485743
0.0927563717661
0.162889484133
0.10419388193
0.0528130534319
0.156057311077
0.107436514426
0.0802807670514
0.0510245307116
0.0640556598776
0.0912542078942
0.0449131747392
0.0775546185968
0.0645024681665
0.244293726468
0.201822095319
0.137989242205
0.22268897029
0.147897484817
0.0793222891287
0.108821238699
0.0604888235257
0.0718390862902
0.228488200194
0.0782075116532
0.117351360914
0.134161617107
0.107155727951
0.0334975471941
0.0533503689673
0.0745773519138
0.220433350831
0.0585289804618
0.0661160741578
0.070813185356
0.100484259363
0.0716245321597
0.0480575599084
0.0840873171946
0.222685463787
0.0609988034237
0.0831174852512
0.130372883639
0.111886597869
0.0766384185196
0.0632586324235
0.183763188396
0.139059559261
0.185342074111
0.0467574544634
0.052012281051
0.134094324805
0.112778973332
0.142115473814
0.266612062662
0.10825868856
0.0449938522203
0.128636474939
0.128525250588
0.148286832607
0.0289855199975
0.107973581383
0.0983443989978
0.0526061293133
0.0930392355739
0.101778869516
0.069316432392
0.0819408904729
0.0525896750804
0.0780867182176
0.156968334577
0.0376651005066
0.157758016025
0.0952697639163
0.201139430521
0.0969173921395
0.141883036557
0.0967466348031
0.0869685349264
0.112981741723
0.127800797376
0.124457559819
0.138867020709
0.231184203776
0.0876623919692
0.0352425015977
0.100751210924
0.13650857129
0.12872097909
0.195597362449
0.165187122127
0.0492013643912
0.115479209779
0.135131843196
0.110402689972
0.129849371416
0.0365694181528
0.137684524684
0.112818414633
0.116006180675
0.108124024587
0.0348112993519
0.1491978865
0.0861692330193
0.0893134149675
0.14499374515
0.172674987975
0.0473402567914
0.0592265458649
0.0849001327896
0.120711001608
0.283695670527
0.0748649914606
0.0632356772367
0.139898578902
0.0848979648866
0.0784163296859
0.173265163717
0.0752209090658
0.130630829307
0.0689279954064
0.158038319041
0.117624292655
0.0939633110446
0.121924864629
0.169889262507
0.132924653354
0.185114747518
0.0952558896726
0.0745059350799
0.112497792539
0.127662531721
0.0381892253356
0.111822333358
0.0706075150184
0.157095461178
0.0863786522327
0.150165881318
0.0578422737006
0.0542410409414
0.117765871896
0.0907147581994
0.0315012351931
0.144569979535
0.101013740361
0.0217666761943
0.29603643392
0.049058729919
0.141342321942
0.0989360257959
0.11610571779
0.0566372335552
0.0842793967579
0.103719158179
0.105567117161
0.124182959878
0.0912321933753
0.134918572155
0.0857418707921
0.130449885962
0.106967021161
0.0837060588814
0.232142121426
0.0454777660134
0.114298766085
0.113292408472
0.144503214538
0.0364825283586
0.100867253485
0.0511261352782
0.102608322305
0.0894363384818
0.296760668663
0.141366815234
0.0314149250423
0.0751962144894
0.112398065977
0.0719937521202
0.0727114972438
0.195419444794
0.085331672865
0.120756172296
0.243018722956
0.141119058038
0.0986211154638
0.0551451486945
0.0355299549927
0.0737584910293
0.095478325488
0.0308132572715
0.088936278602
0.173453391753
0.0550256409286
0.0999814670665
0.0206171812575
0.139004756994
0.0643262063108
0.114071131765
0.135214501475
0.0980520074241
0.102311913933
0.02926000291
0.0400479037678
0.0786130992181
0.130785563406
0.0705419630249
0.0487567377173
0.126634165435
0.133691810432
0.0795566204305
0.0732736200389
0.0720162626286
0.140005895153
0.200240340513
0.101812485119
0.105651227356
0.0529191910553
0.056876129651
0.0452790666959
0.0951392595376
0.0258949727901
0.142890883995
0.0801690278498
0.158985480018
0.105089337241
0.0893878549884
0.24521896059
0.247947497629
0.28400651416
0.118781383505
0.0984640309283
0.0865867836255
0.229643875977
0.0795902943814
0.0776641991602
0.12160369336
0.136930816214
0.0859648065385
0.116611825842
0.0637788020428
0.0786081173553
0.135093980974
0.063496586965
0.0656816009473
0.0876784998761
0.247616703714
0.0936035948549
0.0720640479767
0.0453968620391
0.0841146786582
0.0297229337887
0.173453213326
0.132556378433
0.0888859322786
0.164382868935
0.161545973946
0.164566191612
0.0538540261857
0.172149776076
0.120964689105
0.157201185663
0.144991820285
0.127991132785
0.0357297477997
0.163927455756
0.130105347112
0.105085265813
0.0235995711941
0.163626361317
0.141956529492
0.0613692800701
0.118425037553
0.100356921814
0.0466216155269
0.133922429082
0.108235314147
0.0309293435028
0.199480439816
0.080453927053
0.106450758973
0.154241236172
0.108422140687
0.211856425028
0.102687846759
0.227676234226
0.0626153062547
0.175100460346
0.125860407368
0.0806533124813
0.0513523840598
0.0850113517512
0.166745476227
0.116915220729
0.197044399574
0.136212677238
0.192231483541
0.0709257448174
0.0788804833974
0.0645384988273
0.12784820517
0.124777215864
0.104974520276
0.0975083704874
0.0651493693405
0.23460586868
0.179617914459
0.0826781565242
0.0745251243985
0.159913437536
0.12145494384
0.0923830400893
0.208811504237
0.0401244195877
0.100378656795
0.0971271588175
0.104016837025
0.0442714676365
0.201967969046
0.0806950789919
0.108523294655
0.0906776482555
0.0919395773872
0.0979785458281
0.143584489912
0.136369476808
0.116853047613
0.0452074372
0.07433754973
0.0473558077757
0.142383940675
0.23468904956
0.0815798158238
0.267078107971
0.103451944431
0.0991727302464
0.131613413363
0.120320410211
0.0985825760519
0.0606215912041
0.148346213262
0.0681178691217
0.0475738459851
0.0869281036264
0.100211257106
0.0907830452094
0.0886261745773
0.0917335452226
0.105576417679
0.109549303845
0.0974589181147
0.0553130266048
0.0506810202995
0.0696938594592
0.153387231224
0.11024980987
0.13130207016
0.247212073112
0.0255765414512
0.214266114058
0.0884676503959
0.0540212823453
0.0762253862359
0.223854301813
0.073522682974
0.222889085676
0.0707343809245
0.0387031935729
0.133795223594
0.146396448432
0.174852191247
0.0388796474606
0.123168465757
0.0347606387583
0.118841261889
0.131347928414
0.131635235896
0.17657186764
0.101789896343
0.0957177848546
0.0961999649369
0.254280153556
0.0620691759486
0.11250695307
0.0714782301296
0.0552027385229
0.115966685013
0.175903200878
0.0951013636049
0.0276263174531
0.139363750799
0.0624192539806
0.184904193414
0.114416434952
0.0763632435236
0.200124164791
0.0496810996271
0.0923813903003
0.10052596254
0.0165124002596
0.0523497571078
0.0190096293371
0.114060148999
0.0417665200049
0.0834117672806
0.137646506644
0.0704917720096
0.0367936017792
0.212025243101
0.160526030871
0.157080563469
0.179016661525
0.0848754143478
0.202474676915
0.172800025799
0.0556393283813
0.194160996633
0.134231667803
0.110958521175
0.346291394185
0.119968561608
0.0326555907569
0.122002297307
0.133289735199
0.152935728174
0.104482954373
0.149042375721
0.15137326191
0.0274651575719
0.168250970486
0.439485354116
0.0440442175246
0.105939011582
0.191555835949
0.272474593638
0.0797801739155
0.0960483556262
0.120067483183
0.0440317337864
0.102265381183
0.0528973545362
0.0783189306007
0.0691990410527
0.115947973371
0.2512861091
0.0623468474507
0.197174983103
0.135650955512
0.0596573024976
0.372703855168
0.0643479240312
0.119490405257
0.0336418914259
0.189590962206
0.194265076746
0.0145488059939
0.126620438939
0.0754700651283
0.0979657469828
0.0970736151148
0.0842207170784
0.0801937684152
0.056906935223
0.119515127645
0.17292497035
0.211431009081
0.0906031754803
0.0679153108015
0.0458399809926
0.119637344244
0.112738644776
0.100978648267
0.116989521501
0.0739316786079
0.232931567077
0.126708403458
0.0758345608735
0.100657898196
0.285238148694
0.0780328748429
0.125405432446
0.0802634475465
0.0115658033575
0.396172739885
0.106644660141
0.244149706522
0.0611934288749
0.0650617733552
0.159461825826
0.183160404909
0.0568567178375
0.157912623004
0.026319905152
0.106015689746
0.0949417004173
0.100175200772
0.0637211871943
0.0773783561112
0.0345808758078
0.167358719069
0.0589230677539
0.123999988991
0.115836456241
0.115382660903
0.0890033086325
0.0680157962587
0.113824604519
0.137635704274
0.256678063758
0.0424515773547
0.114967928325
0.159999429152
0.0221229518678
0.104683702304
0.340656796587
0.197720745209
0.0599234908473
0.186555810024
0.103400808823
0.195254744341
0.129381249174
0.163847992975
0.244109417784
0.0405854189964
0.0403675078567
0.102959001143
0.283579602418
0.113960364946
0.222898040518
0.184305422945
0.0644250001909
0.105320509408
0.0783403957942
0.249407065919
0.110064788736
0.102119826063
0.075093450741
0.198038658949
0.202319623107
0.108233042202
0.192277884496
0.0592658988927
0.183535219154
0.106408486573
0.121259639838
0.0548187997735
0.202369088615
0.14415194962
0.0894385747071
0.0901446221552
0.134145503148
0.0688601263811
0.111323242623
0.0999919674106
0.0590695619956
0.121141871962
0.0869919759135
0.0546879166646
0.0392252835367
0.156972275616
0.12736955696
0.102295740117
0.0315353633857
0.110362452537
0.126560396188
0.125344224574
0.0425419387642
0.196060354235
0.096676060056
0.213576826775
0.0779194098767
0.0938004244369
0.0890076012486
0.0503201782747
0.0482761405478
0.138842879722
0.0944165370088
0.081534766947
0.124947827543
0.01110585452
0.172755735117
0.12610508957
0.115922150638
0.0606161788953
0.171234617696
0.113529420993
0.116483572041
0.104168246205
0.0979552208683
0.0414107125508
0.0609972367134
0.115883516847
0.170503339665
0.120315569845
0.235771660434
0.0702591355773
0.0715460734808
0.101303261561
0.0190034080145
0.0441427075551
0.0436975611849
0.0810479399192
0.127180505451
0.128388537532
0.0255608090797
0.070974343087
0.117543552564
0.13858590912
0.189298115261
0.115838664572
0.105447398453
0.113737042024
0.122432410642
0.0721485854572
0.0619968671805
0.0378653277934
0.0755346642821
0.0654994307683
0.0364736726548
0.120536544504
0.178710091584
0.0960062194837
0.147228475857
0.0638719843413
0.0676952886737
0.0272124948927
0.0326150680734
0.112058651526
0.116856515405
0.129513516797
0.10427283688
0.0946879933373
0.0937189329981
0.112519067491
0.0745119116157
0.150479066976
0.0661783602607
0.110452856224
0.100523264105
0.110040499245
0.119410231491
0.138731819487
0.0533083782679
0.0854846200544
0.125329212623
0.140252913814
0.0753239600176
0.03343700037
0.0681947748785
0.130976347052
0.134422877129
0.0801657415777
0.135964527567
0.0574058130379
0.0373994293595
0.0888261158243
0.116107342978
0.0902932802513
0.0523691525327
0.142758694179
0.102379596826
0.0704271422275
0.0596523266748
0.20217575316
0.138132323968
0.252800745245
0.10341925968
0.171915691897
0.0522558666995
0.0758417221377
0.110496336199
0.101284470902
0.146840695814
0.082858139621
0.1006634933
0.0966040060835
0.0396651899079
0.0999512594647
0.223177449775
0.088543209747
0.0670950528021
0.122997101861
0.0316352212645
0.126060454443
0.0962785393519
0.174029663536
0.158588679058
0.152385137696
0.0688642198161
0.132337138961
0.10137468665
0.139202220204
0.213355804705
0.0258210763286
0.146021837268
0.0900343518063
0.111106045716
0.119699495007
0.152453099177
0.131475334004
0.0513466230094
0.0764964929676
0.0281182752552
0.066316331858
0.0363221609691
0.0541900191512
0.137689469252
0.147660285891
0.116359476884
0.128771975631
0.166236054916
0.0326425576306
0.0774390078654
0.067671742348
0.106874711851
0.282339982961
0.0290596634547
0.0332454315744
0.0733007594498
0.0675649859943
0.0413679402584
0.0737815708195
0.0737321525523
0.108210217988
0.0420217654738
0.114618203642
0.130807452814
0.124314815359
0.100989872244
0.040781313638
0.0817037965881
0.141258685764
0.0667155405489
0.23981574771
0.0206409165839
0.0760689991255
0.0573314047332
0.0965705996019
0.0803456578719
0.127974445663
0.0555322422059
0.163940703585
0.0272495219704
0.105854384484
0.0399541933325
0.13125131962
0.039951546751
0.0889659716344
0.342888131404
0.0808235198144
0.0629366600926
0.0269251682755
0.0533385880646
0.0632874121442
0.087214418438
0.0774815455818
0.094751710159
0.140278437855
0.105972156904
0.0542688987402
0.0913506806431
0.202646276415
0.0839874944597
0.0990704294514
0.164015167841
0.169078900965
0.0801839133547
0.119742226114
0.0950583769826
0.0843249775262
0.0763103909045
0.048081806039
0.110587782496
0.0569779162338
0.132093476127
0.020092263273
0.165931380664
0.125322125843
0.0937459857028
0.395435374638
0.0794278193299
0.0609555580059
0.129504057919
0.136045877568
0.140957198176
0.0819833827409
0.104145075034
0.210749353164
0.0752236212416
0.163023930945
0.0593856660372
0.0539134882174
0.0758125390792
0.174459391079
0.101374499524
0.13695036516
0.145089254218
0.168179982188
0.0874803221485
0.0553846566559
0.292532188834
0.1121806657
0.120165568076
0.254926350305
0.057911248214
0.0356631299953
0.147833700809
0.0487347654484
0.140692296625
0.0685344025008
0.0866101239175
0.138619983325
0.153011273654
0.0927873268527
0.0631492074457
0.129524297401
0.0662153322704
0.0668672513647
0.169436294304
0.118325000254
0.059201333572
0.0683243654504
0.123098105478
0.0785917912225
0.139283762512
0.066111314004
0.132541374641
0.115053173065
0.0549645914744
0.0549238908892
0.140237008328
0.199338041397
0.121258563418
0.0893145640148
0.157175121373
0.0748038554038
0.0567982851021
0.0958400137071
0.0552896421537
0.0569471855767
0.140525958262
0.0844982159918
0.0826909601755
0.145604665672
0.0623608714293
0.193056389061
0.0291806746709
0.0694040710129
0.049394150402
0.138848868313
0.0803067999159
0.15949791546
0.142752504151
0.100301814915
0.173661773406
0.123062855715
0.0373320043326
0.101384387986
0.0667271554822
0.078261336655
0.0410419495726
0.0322608303782
0.192594789602
0.140122665081
0.105295266303
0.046807223451
0.041171082063
0.17975334182
0.121471451047
0.109141343989
0.0695704684794
0.0833597235606
0.0931360379471
0.191455783611
0.107612430776
0.0803343624209
0.0385385167439
0.0927217159615
0.103452812899
0.0352028232381
0.142371190803
0.085412095136
0.0890130780331
0.111910252045
0.0928830243931
0.0750269249581
0.104331357911
0.117925397497
0.0732660216353
0.0544677206706
0.0944709659962
0.0940001963106
0.0726493646076
0.116463769648
0.0542423286006
0.0788478518221
0.0798111827359
0.0798267994853
0.0543947036032
0.14036881723
0.062912584397
0.102683506595
0.0599895951602
0.115372191578
0.158375754065
0.145964205993
0.0632553319521
0.137984248836
0.0417117306341
0.0463780478313
0.0436569391051
0.0921386694755
0.0377379970426
0.143013320784
0.0972991007972
0.178815497126
0.13452076815
0.104351326217
0.0489019495305
0.0718623651638
0.0695242323229
0.229862658823
0.0458018391102
0.0979958788415
0.119646951419
0.0652047877816
0.118535723414
0.172500819746
0.119086266631
0.138640283283
0.179791763639
0.148533035319
0.104121878992
0.0582889860724
0.0373817824647
0.0621265928111
0.127058820816
0.118001840599
0.169290925078
0.0587589990028
0.170942928197
0.153788149595
0.108638425108
0.0975795244324
0.244741249833
0.232971843787
0.0453790661394
0.0166294667185
0.132987927005
0.142074608482
0.076302530864
0.130693764272
0.103716653115
0.142645091476
0.0395613636979
0.0948981077096
0.0483291641885
0.113122656847
0.15561045576
0.122517983844
0.0694350188137
0.0929521651393
0.217238212648
0.118680409577
0.0589996770184
0.0387873615692
0.0747638304151
0.235970514859
0.0790045525251
0.0520414041564
0.0167708390188
0.239098688944
0.0972613853256
0.141961166417
0.108755415253
0.128442352679
0.128580415975
0.124887834447
0.184225536084
0.104703775966
0.0450147981696
0.213106011736
0.13951772463
0.104066815688
0.0256854003699
0.249131346529
0.229879516402
0.0714175268414
0.0918422398416
0.0615007170667
0.530215854306
0.0818446513147
0.136498315141
0.221202201447
0.111637996009
0.079040128207
0.0679514085273
0.260337016805
0.121323197418
0.0842493133756
0.137037824804
0.0545217572555
0.0891025206998
0.0632006679797
0.0629349090483
0.0856447937057
0.0474528890219
0.131144281081
0.0315436969964
0.170766053118
0.0990964171274
0.155669475878
0.0716307492355
0.224583801938
0.132668654804
0.0640969529863
0.142947889058
0.0770178337269
0.0589209122939
0.0862069741708
0.0972539301753
0.0909417951686
0.049952685358
0.119197962567
0.0822882737266
0.0858048845251
0.0766988045043
0.0260780735048
0.0742087532075
0.104823885315
0.057883352372
0.0952560739852
0.0710635945515
0.0567768206186
0.0603370420583
0.0589779477819
0.109720421193
0.201686769488
0.139882645757
0.0657170538314
0.135477711832
0.162677848223
0.0843035912661
0.100165061648
0.199332921633
0.0680736971382
0.0449538785296
0.10777642386
0.103507413159
0.116251893655
0.110141714718
0.124390012313
0.12468692791
0.0965549001661
0.104395174483
0.184067883319
0.105045004641
0.12705019128
0.126634434493
0.135326347419
0.107737374239
0.0486127088322
0.155508495951
0.132490065656
0.0682254554208
0.0805330961287
0.11391471044
0.160618547387
0.09603630854
0.0901727283031
0.137086997829
0.142947325967
0.0394667591788
0.122020187319
0.134494773351
0.0484339229552
0.107023297099
0.16696445613
0.0723971314621
0.0477864054731
0.0383956410926
0.242946218206
0.0998817423549
0.0365387469041
0.055757267784
0.160576156961
0.0689005061075
0.104194504617
0.222621169125
0.0644394039397
0.0706652864917
0.0983535873155
0.174668655193
0.274280550242
0.126620198443
0.107693928603
0.12929091066
0.0669121071603
0.43630300798
0.0771129173534
0.0623631766956
0.135319692246
0.0660314827671
0.119621830415
0.0680909458853
0.124420015224
0.164260417856
0.0447560314376
0.132414182752
0.150300528049
0.0681965537095
0.286346877394
0.0269493432992
0.113056920064
0.0898437967978
0.113997475306
0.175393955114
0.114652341762
0.0501987350265
0.0661755314835
0.0652536108789
0.125994431021
0.109769123795
0.0664157301955
0.0402200684875
0.125675221907
0.0235619777966
0.135336759595
0.0434301841266
0.067181688005
0.0369544647406
0.106570233253
0.0456102247445
0.0272819862402
0.0234251790326
0.0745564776181
0.166752361937
0.0837510217568
0.101396368447
0.082152311804
0.139236781367
0.0822538768143
0.0452518542036
0.0746259035997
0.108767629747
0.0714718165803
0.15890494927
0.10694382701
0.0547047469225
0.120190106099
0.0791998278563
0.11329524607
0.0584565182396
0.115616473682
0.168447274052
0.0866928352515
0.140363364471
0.18058510818
0.0811452613297
0.0481031947869
0.0605774115628
0.134759669269
0.0788713366115
0.155870774218
0.0576361040699
0.097110621133
0.0708895376534
0.102894388795
0.0639821821117
0.135344639448
0.0665785837366
0.121197858858
0.135313771603
0.0731382232805
0.109093855498
0.109540239237
0.066498083534
0.119597973628
0.165782801917
0.0355603398368
0.1187926356
0.0410303115295
0.0568891645406
0.0769630829459
0.0119884456888
0.0835221714835
0.264911705573
0.106521032427
0.0728056263959
0.0877181753783
0.245606041904
0.0476194208471
0.264684854623
0.108323849069
0.0309800953976
0.0934467978495
0.144964450536
0.0240309866591
0.0448836085037
0.0837650704589
0.196592667474
0.106008360103
0.206500191141
0.104101721975
0.0766377594498
0.331329348286
0.267425007182
0.0690583317142
0.131978584816
0.0579715911242
0.0633256473077
0.102415663726
0.0936116878322
0.0729118465027
0.0705099639007
0.0840687646605
0.0625257619112
0.122195717474
0.112733027914
0.0595585929253
0.0505299661456
0.149542832541
0.0727931010982
0.19930997562
0.0926627488963
0.021700846084
0.371413836437
0.589000236293
0.144560063058
0.159343521999
0.113596238976
0.0788158577611
0.153494159675
0.123134248496
0.0888999568846
0.102417595627
0.0902392946993
0.0549454110858
0.134831956158
0.166730522071
0.133230181253
0.0716396448812
0.119301212403
0.0748755536197
0.19228531035
0.071405915542
0.212101568077
0.164128764851
0.0904367438188
0.129448349112
0.0960641952255
0.0695481661247
0.0825924482509
0.0688972572328
0.244801782515
0.0809150691147
0.0975967830155
0.0935777296735
0.132898264926
0.0862137084382
0.165244178719
0.068636152385
0.0592058151606
0.173638297597
0.202397072847
0.178588723017
0.107779180864
0.0531925537401
0.177914959849
0.346999816224
0.0518670241765
0.387913633118
0.195910332581
0.205452673645
0.130617423161
0.111465366823
0.127569644737
0.175444292705
0.0361685724458
0.0968659783113
0.0769058311157
0.137289781081
0.106645375376
0.159890983717
0.121585210408
0.0609161083805
0.194976726138
0.0332174063949
0.127992057202
0.138345502259
0.0968231260294
0.110792981325
0.154731453406
0.137311313113
0.0647710684473
0.178060361201
0.0520868899631
0.0585998601243
0.137823070825
0.0703880603556
0.0973133152463
0.0640331414668
0.0381031682132
0.047103017452
0.120951705314
0.167725567508
0.0625538246575
0.0698461214368
0.141346828799
0.0470021937981
0.189166503334
0.069173556454
0.107061848146
0.103744779465
0.206198939229
0.13718463361
0.067821901273
0.188840883298
0.127617254399
0.209573678946
0.135445431933
0.0293335642589
0.192129193314
0.117737797283
0.165159982643
0.083563839871
0.0887429633832
0.0613852409076
0.102263764286
0.0839915408469
0.0972589995558
0.0536696249359
0.10756281648
0.086429376755
0.0525461072695
0.0558131818507
0.11051191429
0.0992705356775
0.043265355724
0.11813747996
0.190985272
0.110302354981
0.167775384014
0.232237921866
0.153650023928
0.0343218594984
0.0567747011899
0.0679486731421
0.17895664484
0.0545295423221
0.103237188276
0.171400067397
0.136068104207
0.0653415640129
0.0716852576345
0.0711025284484
0.0830025315731
0.121270671795
0.110034910198
0.182681205947
0.122296213491
0.0514572513937
0.15126776501
0.0247766825116
0.0509895559054
0.0492361619723
0.113050170922
0.0840526074617
0.0855937645363
0.0763885104969
0.0654566415658
0.0410068609863
0.0813013975235
0.0660168452038
0.143634819318
0.039785281136
0.0741643806476
0.173761561744
0.0556946538604
0.137270765674
0.0972532015032
0.0962742102833
0.0343558375896
0.0678085432735
0.107686303496
0.185606183445
0.0620969788273
0.146434100438
0.141765538928
0.0998393238165
0.0242148534635
0.0787241725038
0.416412000316
0.19207971528
0.122404402878
0.0535245016473
0.293489032815
0.17335380677
0.115068492033
0.225043565703
0.0656399592028
0.0461978357292
0.0931418342878
0.0827325218427
0.027050386936
0.0776629449201
0.0374035821158
0.0603040930491
0.12857690719
0.0656282229846
0.0357191042536
0.0765481615367
0.0931236837328
0.0916634879837
0.13555480105
0.132372513921
0.0963020328717
0.0993303288699
0.157288578596
0.133115386776
0.0908707559034
0.142485378465
0.0854805817196
0.0742774337449
0.0792549537516
0.110756363306
0.183885095582
0.0730978016103
0.093416106822
0.0871225423396
0.0471552089874
0.114986203957
0.260854225404
0.0884977676351
0.3543394887
0.0590141825538
0.107394533291
0.0335433597616
0.147801831599
0.0431873609673
0.0825553349965
0.0902280393659
0.0134038843079
0.0621236091129
0.0647289319874
0.0762116392336
0.12070538188
0.0837105944286
0.0837115980943
0.135102422022
0.102404499146
0.0772147713329
0.0630762845511
0.0542595291722
0.0854388934672
0.163488513443
0.151575602457
0.10699607379
0.171855429388
0.111304320084
0.0845060279722
0.0880287882075
0.139187605444
0.128972580738
0.135229797853
0.0995232053426
0.382845520098
0.0614042865244
0.287306290293
0.0575551693663
0.141104269401
0.0779332465407
0.0851363033858
0.0610918836929
0.0960426663839
0.0538755151629
0.147380582478
0.0569943592313
0.0529505322441
0.0840507921049
0.0665272823292
0.0731526924513
0.138159383613
0.0631212711102
0.117037880599
0.0513533824807
0.114462309901
0.124910251534
0.0583485080673
0.167876522833
0.109489008376
0.0392339870808
0.108269814008
0.117232204423
0.115310865575
0.0468449140445
0.121094241813
0.0474278819961
0.0709826619466
0.0898560917021
0.0766746418949
0.158358600945
0.14389862857
0.0862143402264
0.11059665257
0.133158683771
0.0629418008581
0.0829353284301
0.11237321718
0.155841049737
0.0934787830161
0.0786237575808
0.13502742311
0.131567091833
0.0938391118185
0.116885943641
0.0726460778678
0.102962665203
0.124299799422
0.0405216359728
0.222646248936
0.0680242037899
0.0688660253621
0.160169550599
0.237440823305
0.114073472141
0.0941077292609
0.115533126221
0.0944972471816
0.0494664319369
0.0711269818769
0.197619002647
0.108057366833
0.199479893351
0.0952255469285
0.151894690764
0.162320243212
0.113275092672
0.198115764793
0.0612235329222
0.0261126069814
0.15146414626
0.0375583434747
0.117747324703
0.0708617035935
0.0469708123714
0.167902722875
0.0693102174133
0.0379586925861
0.0973869609349
0.0769070371128
0.143974127824
0.0966231957908
0.0571557379613
0.100541181673
0.136009526305
0.117864057378
0.220060144853
0.0678181071881
0.199652484503
0.0739068396583
0.0840215876939
0.14202859969
0.0278608509675
0.0252629639793
0.0825513221626
0.197350787805
0.178450037717
0.113148654691
0.125677515544
0.101599925164
0.0696148949095
0.0815316349899
0.0677892923604
0.120961522145
0.0551307383394
0.0834832250434
0.0859934539969
0.101827577807
0.0863718923833
0.061817783303
0.0635127574064
0.0537055826639
0.0238627315106
0.0911427648295
0.102295711072
0.101719921907
0.0772204424193
0.0997409964075
0.0442219884448
0.124804497634
0.0564387368747
0.080130170713
0.0680017463852
0.0303435278645
0.217569630419
0.168373766938
0.102895768126
0.0440087808045
0.326021263932
0.140644328514
0.133649993327
0.118859375699
0.132181371341
0.207425765867
0.0740608090621
0.104143869102
0.0505010456797
0.172993614858
0.0331638705925
0.0488086298613
0.059062930865
0.194364848076
0.0650917287758
0.0741717677284
0.0312904852797
0.156303070301
0.0471870184878
0.131269682278
0.164757755687
0.0985333899192
0.0583965146711
0.0428377903846
0.0673380846965
0.10846001029
0.0913347526977
0.101833445622
0.131522878847
0.070125558457
0.0726684262732
0.142405917082
0.0609267476208
0.141331722761
0.0512788809719
0.0597079306122
0.0711575596447
0.0886029382551
0.118223376136
0.0635138852604
0.0266762229657
0.1105721829
0.108778549386
0.0621002088036
0.0762013350832
0.222077575263
0.0626032965434
0.330951880647
0.0840652482457
0.0851968883663
0.181437815586
0.0458754850243
0.0353294248319
0.0549862329095
0.106539543326
0.0514659520505
0.148760698819
0.0757380925288
0.0729571507119
0.0725702429022
0.0300337816072
0.0766665105598
0.042229363872
0.130185552643
0.0563551372127
0.174920012802
0.404468092008
0.102904472502
0.109841200081
0.0344985132518
0.110350195178
0.128768357492
0.173175306395
0.120788992249
0.0416408155961
0.11790015866
0.0578787783127
0.119607999514
0.0854073508012
0.115305377222
0.073404280344
0.148527040137
0.0575281392293
0.134337149719
0.0559834954025
0.300426450929
0.0759848633922
0.0595020559462
0.0992641861651
0.0726791269756
0.0594365090969
0.0824766645584
0.0681314663968
0.0720894529152
0.131556964604
0.0485867894591
0.115031784574
0.164979473597
0.0821395865097
0.179959422496
0.184234456495
0.089750163579
0.0202903184758
0.0690489747707
0.0255155267384
0.0718997263406
0.118958565563
0.114638871361
0.179887483403
0.0959073362855
0.0809248828176
0.196830309842
0.193415299905
0.0692004917476
0.196811732321
0.023471766641
0.0689289598324
0.150492473106
0.0886315557164
0.0989898641954
0.277507015364
0.163069362971
0.103073290643
0.0798620153329
0.0220200337333
0.115506410101
0.0427661379477
0.0410783835988
0.0779443001584
0.103099374794
0.174129632301
0.123726291762
0.153200619599
0.187647128956
0.11705296142
0.101252086306
0.154726647225
0.377492131726
0.099268336841
0.268193196412
0.0569654439605
0.130199039321
0.0430641982933
0.0609528631531
0.242286643182
0.0702402072108
0.0842432783478
0.0860738126867
0.11396437899
0.0873652281118
0.159261538872
0.0667394715216
0.0855833682444
0.0983458057277
0.091482925018
0.166711885771
0.0827277988334
0.0462197547963
0.0809003758671
0.0889014317573
0.0721831772635
0.0588373305961
0.1974636663
0.0697174568503
0.0646492056137
0.089746259967
0.0532760169712
0.0591161069457
0.0533661157348
0.0576391712428
0.0679704214296
0.102508838957
0.0836066070219
0.0659884840881
0.134576055838
0.0517101903257
0.289643726991
0.152429943834
0.0549664806242
0.037411325278
0.09930880997
0.166942489737
0.150125737729
0.0433354540489
0.0709658605044
0.068635638484
0.205603507143
0.0794872141479
0.0739128351447
0.08215542443
0.0932084346706
0.057761650756
0.199978324013
0.0663803891825
0.0631066460163
0.108054714502
0.102501237205
0.0861606347854
0.127276402375
0.120697469486
0.236913688473
0.173230337114
0.0512366379415
0.0431143436832
0.175032668133
0.0801847769832
0.0767278039218
0.101826344451
0.113921298757
0.111327241378
0.113907349658
0.144820007301
0.0340611415446
0.167287204479
0.113243757318
0.0512705953059
0.144723402273
0.119419481889
0.107205131076
0.0893548208918
0.160234140197
0.100102120471
0.103139636397
0.0863567349299
0.0447402174934
0.126192852752
0.110485892414
0.0935725791472
0.119727128254
0.0838209625995
0.143490550279
0.0589591557899
0.0879496364272
0.164771400917
0.119221164964
0.134969385745
0.120117863237
0.102890804127
0.0319120317977
0.104773621448
0.0808765709527
0.247004909476
0.10922055653
0.0726616392085
0.0662986925852
0.143119411329
0.0528825693545
0.0631950317572
0.107843686781
0.200688628498
0.0585198355367
0.158308661414
0.0698494506893
0.0525848990036
0.0379903087156
0.127538105491
0.103461734084
0.067907919251
0.105773428333
0.0996057163464
0.0601465562211
0.0334539435855
0.0639854294618
0.102087447574
0.0887875759998
0.0121977532173
0.210523636706
0.109750178748
0.0624777956919
0.072678358598
0.0610911257785
0.222898204469
0.0626935833333
0.0978415772114
0.0392304841632
0.0904229463651
0.110348404802
0.0431821881097
0.0752259819427
0.185800964531
0.0677680498766
0.136112359288
0.0378115353345
0.116134753341
0.117923307939
0.141965040416
0.190254389248
0.107410708501
0.0938102081775
0.10602174449
0.153340668013
0.161025425305
0.0723262815583
0.0481845345765
0.106749238336
0.0313677346181
0.0740514076407
0.075713232931
0.130427483333
0.179138872936
0.159597477161
0.173261393673
0.0581978476635
0.131549318399
0.119458827659
0.147059173254
0.331182416216
0.0807609436797
0.098349290309
0.031408678604
0.105288086709
0.104140717747
0.0637028110363
0.109873221203
0.0687652858119
0.0197849254786
0.145282748355
0.224103205063
0.0362805605785
0.0306127403257
0.0523067275517
0.0736886469483
0.06237392831
0.108984445522
0.0579124449898
0.106197822899
0.126929463341
0.107195070505
0.135147680924
0.113452578165
0.0759993174848
0.065305983091
0.0866210668161
0.104458805531
0.063379708811
0.0925636933382
0.063645124486
0.0996233039614
0.068733178676
0.0550329135567
0.0691310321008
0.0334337909161
0.0844440483322
0.244482565487
0.089567726804
0.0731409128202
0.0376394167395
0.0597876249077
0.111338293373
0.14250545241
0.127918115667
0.162139519587
0.144469141169
0.146124546785
0.0374493774556
0.125884974434
0.0456505613773
0.149221390794
0.0943888417953
0.138171354412
0.0731652549816
0.0991089768773
0.178813530605
0.244085786414
0.0933768292013
0.177632458792
0.0416582574952
0.169369560312
0.0725970637134
0.0973857847919
0.430001653209
0.0287381512809
0.0768009678423
0.0544146504149
0.0146125376314
0.027305783206
0.159817943038
0.151229273979
0.0804030138816
0.0989355956296
0.177040248081
0.215330784461
0.195577987145
0.217439987613
0.0866703285162
0.0931091006784
0.0848956094707
0.0769704507091
0.0839008458375
0.151673993387
0.112527953563
0.135347160843
0.113749406221
0.137133799752
0.107832337203
0.223523984987
0.110724742751
0.129198877156
0.117415034322
0.175626628974
0.0499376293709
0.0873070230029
0.195230837906
0.210648895676
0.109578895303
0.205003516369
0.0973771898494
0.0546795457271
0.0364782668382
0.0699967387004
0.0616879411355
0.138639012385
0.0595903641427
0.229314564094
0.166022418424
0.102464128838
0.0870227691627
0.10828849934
0.0989913920018
0.127817308852
0.0690058932889
0.105690803088
0.145638391258
0.213712654669
0.0354162855124
0.165521828189
0.067490306062
0.049055354464
0.0408445870806
0.0725900278189
0.170461727252
0.0502222859852
0.116315437827
0.101289165484
0.0682374649963
0.176421033389
0.0362461405478
0.128422022726
0.10251391623
0.072227016265
0.222067838607
0.138177157606
0.220509863252
0.159372754729
0.063831601331
0.051455541915
0.203498290033
0.104376530239
0.104280593522
0.123473449075
0.136522411202
0.0296619075383
0.098192597004
0.0848315766079
0.210565214648
0.0485902989931
0.0440801850563
0.0556349352884
0.0832924763444
0.140504046941
0.0305678324273
0.0870704710716
0.123707494485
0.0510472603545
0.144185979169
0.0615737522532
0.100029596401
0.0845499534987
0.0573559207176
0.0846568553525
0.0839697921889
0.164656853223
0.139460886351
0.134726699981
0.0416069060113
0.13040690764
0.0831998609192
0.06110209036
0.127891385645
0.0291063327667
0.105824874932
0.137884832423
0.035530925652
0.0615335917636
0.256403262008
0.229428837173
0.156791936465
0.0865392945769
0.0509613714277
0.154592209458
0.150978424549
0.146372753027
0.119306244299
0.0592882862589
0.0466945211355
0.0528763608421
0.0384470129896
0.182922656993
0.0869341125097
0.111820471298
0.0940937068713
0.0911875409233
0.0243537615113
0.0924138578839
0.112870801043
0.119160373325
0.0988739907915
0.113400442622
0.114684857695
0.116086036247
0.0907590373568
0.0623952537888
0.0430733116685
0.0616931469615
0.0702279358623
0.145490749485
0.0940418271852
0.0697123284633
0.0521582629213
0.164540301337
0.212161341086
0.029473356851
0.144768758348
0.162575982027
0.0659411833571
0.0548512153904
0.133600264732
0.11986852036
0.153630285133
0.0461680749302
0.0538432514539
0.0266949730278
0.182656088935
0.122683130247
0.158322031523
0.118583534832
0.0915596330593
0.0643472842223
0.0948011075932
0.0563671157021
0.10741538339
0.144734983151
0.14438217061
0.122098129022
0.250444861345
0.119650136553
0.0823107677019
0.0976068750906
0.100781441129
0.104911900833
0.0573793359985
0.102056599721
0.0815006853624
0.170891131655
0.0857240689904
0.109641576228
0.118189005874
0.0990678289426
0.0564215533424
0.0698307249908
0.168654810607
0.140923667629
0.0641290355594
0.0422855370298
0.0659907952916
0.085492626415
0.073959985546
0.071560929224
0.0635977155347
0.0738385033425
0.0607958390516
0.059370315392
0.105561583123
0.0976180288902
0.0947270716256
0.0780250294251
0.0578752956738
0.232757964377
0.10374767504
0.130063215842
0.0390850550571
0.118077143387
0.175965735101
0.0894278550977
0.0836884517082
0.0864115179814
0.143655697468
0.0857119633086
0.0844538163398
0.0557603678032
0.0894385909796
0.124354169464
0.263440251282
0.0764031568706
0.234356660777
0.1911027528
0.134941884344
0.131953746862
0.213859184726
0.0894634242888
0.038667548072
0.0887169248757
0.0341431303187
0.101357970649
0.0930105558924
0.10441810734
0.0942365947881
0.0620420620394
0.11962250508
0.0549971751553
0.0827207745278
0.100190016952
0.183695281468
0.132174779749
0.12651773746
0.029168953253
0.144332377378
0.12737608535
0.121674252367
0.0790333943589
0.123999996233
0.101078583544
0.075200061401
0.0266018317415
0.0486311225303
0.0409554434033
0.0482183103423
0.148521153269
0.108190856877
0.0322784157948
0.121701923152
0.0820451181729
0.132000223101
0.103568539772
0.0638259733577
0.193409772557
0.10037590848
0.0580860961406
0.113901117658
0.0922708742537
0.0581269746783
0.089418982155
0.166358517629
0.135705229427
0.11464653708
0.209754059166
0.159115775418
0.0966784159188
0.122320352236
0.133063659717
0.0686327929568
0.188731750136
0.0982588504452
0.097670390335
0.11954605206
0.120205879689
0.054106227299
0.0943535004219
0.113264009657
0.102260655445
0.104281592992
0.115689612512
0.0822490249496
0.110713043524
0.191828197707
0.102780262739
0.0950097873508
0.0866926318304
0.0570121920886
0.0838464861729
0.103836719161
0.131947117366
0.103680016844
0.107861215882
0.218411917401
0.0886824220422
0.0698449800206
0.144528361631
0.0674420785562
0.146451659921
0.165168789563
0.0426137454236
0.149407202421
0.115333321125
0.0885507820072
0.125472125399
0.0541208452256
0.0723074371248
0.0921497724592
0.233000949066
0.0757526430026
0.183597155648
0.0658576321848
0.097787793384
0.0737299214059
0.0810669509168
0.128066862427
0.0369823285332
0.0486951775007
0.112486703761
0.117096224828
0.0566185216162
0.112471321343
0.066564384619
0.0860535046839
0.155999876809
0.0362043750131
0.162498423122
0.064743077024
0.0672263915647
0.0393385064643
0.0391120181338
0.132094000342
0.415820408385
0.113003249178
0.369686367645
0.0330441999451
0.0962313991513
0.0747569671195
0.12729946785
0.087673264002
0.0683374983958
0.244190693639
0.0842348994318
0.0912506970304
0.163758114949
0.135749576884
0.158167774472
0.127402573329
0.0715420741267
0.0756695991413
0.110123075797
0.128055003001
0.0681462175165
0.107999620506
0.0850170732199
0.119102631902
0.192798750665
0.402640146484
0.181721715677
0.0810752997026
0.118943621627
0.115098075793
0.0607862185847
0.0830265656875
0.225806502206
0.18511450082
0.0695722817671
0.12431672021
0.114706902966
0.0622915560568
0.0281484088248
0.120480441273
0.10407926491
0.102166043072
0.096124626377
0.160247562279
0.254804042376
0.161661326213
0.233686944768
0.0675018081227
0.0435541652947
0.0411606820196
0.145943690977
0.0769117872874
0.100398391199
0.0816652145185
0.0906038207049
0.0756819188692
0.0761799902466
0.140730477646
0.0585199639309
0.145357719661
0.0516508107582
0.0944639462322
0.085428660696
0.0712006889556
0.137395507951
0.0906424493018
0.141202538212
0.18904062908
0.0330120981626
0.184252028943
0.116421176184
0.0324285068171
0.0453970863634
0.188619998456
0.145748400605
0.0640428310123
0.0649685596641
0.0462112372991
0.113379743704
0.0863725338616
0.116736336759
0.0622493577134
0.175652682666
0.19952085727
0.112206000636
0.109729963799
0.149394829881
0.119224261696
0.0675906885492
0.0947721530913
0.113779966753
0.0786073947073
0.11523200421
0.0827432061955
0.147079487022
0.0742980953978
0.0929263940176
0.149544492438
0.0707881200461
0.0543516520042
0.0614526416702
0.135261913602
0.101632710742
0.158599620437
0.170493017132
0.156974337752
0.107769533071
0.0826608957978
0.294751109961
0.116370633593
0.0238422802687
0.0978319315988
0.0422080548599
0.115463889949
0.0394996945199
0.0989438860216
0.122227758961
0.0940172918875
0.1258825293
0.0771988058198
0.0518512356358
0.0783033747134
0.127399618402
0.0692260336019
0.127412466652
0.0462448271071
0.199195724622
0.0622586086549
0.1374151575
0.118529775557
0.0958328116886
0.108336471966
0.235395279628
0.0695605410697
0.120956296948
0.188791925586
0.150367668577
0.0433635804486
0.130025773017
0.0367607756812
0.164744012571
0.143042888315
0.188548374092
0.0544071460104
0.141761317293
0.215813472799
0.189059102011
0.119844499708
0.254294448348
0.0602392113599
0.0767804707945
0.304142730028
0.109201068101
0.0642490988273
0.0970773334903
0.0705102967933
0.126024665366
0.106147420579
0.0403044698082
0.106279661357
0.131683602818
0.0705380569957
0.0168683313975
0.160809959941
0.0787176173149
0.0691070856761
0.0766218955462
0.111584340205
0.0569500805859
0.134519213
0.102228086451
0.101750469685
0.0997495779071
0.0786038991693
0.166119452896
0.122424548208
0.182045619027
0.023693606717
0.0495597578886
0.0329338801096
0.160907881101
0.106408768265
0.119839149796
0.0215050972035
0.0579584434563
0.100477324749
0.0939059295119
0.128644355717
0.127950071148
0.150124477604
0.109165912683
0.0522176619552
0.109665253775
0.0935466516105
0.168414971057
0.124415848388
0.164282995985
0.128667557954
0.116049654415
0.105893022421
0.0942009799677
0.0684412472654
0.02839546683
0.111181634282
0.0825714513209
0.0685419122667
0.0296016416977
0.0258695444159
0.29212570631
0.203876640654
0.0806144993825
0.0507084160371
0.138681750719
0.180228941244
0.124065641199
0.0664395138737
0.193263705267
0.156814738006
0.0640176409338
0.121388812006
0.0547018508993
0.142853754908
0.0514975044245
0.13537263734
0.0318055927589
0.0947970183616
0.108810202578
0.0507222247278
0.0874257979303
0.147995748935
0.0382476186819
0.0552014110699
0.0958204582633
0.147301635894
0.126955251398
0.325292452814
0.217158310321
0.180031633001
0.0953719517332
0.0712606489581
0.156188608802
0.0995379968331
0.0827610427666
0.0405861935251
0.113008633965
0.0965982892394
0.059939103139
0.100913260466
0.1017564111
0.0641451381931
0.189622882113
0.0981778509337
0.133724241997
0.0664206671298
0.0711132831873
0.164503153434
0.187680438175
0.0584729801652
0.0747432138562
0.0189591558143
0.0797599042184
0.0948145626137
0.0966586898832
0.0597229550097
0.0863977800169
0.1292680994
0.0312863023491
0.105564803486
0.163101602527
0.104829626416
0.0702904319053
0.239437429147
0.0943126511774
0.0596556129242
0.127082246885
0.140550798669
0.192209291617
0.103643278229
0.10426550129
0.0718479659583
0.184188323547
0.0974161448497
0.0668286213975
0.0451638040593
0.107349846013
0.0889823941357
0.0996860515035
0.0252547089573
0.181325378633
0.255209817792
0.0541527008919
0.115007237632
0.0997040125112
0.0553496165268
0.0514326477509
0.10343344535
0.0213755742972
0.125243205446
0.093126404883
0.0792509830922
0.195003866133
0.0751644758796
0.0178681789316
0.117979875667
0.0668496501137
0.0618965986773
0.0217451560464
0.108746094926
0.176510671654
0.0521328339083
0.11136600297
0.0630818113586
0.0662880268523
0.0854225362073
0.212722333822
0.0505343759131
0.1119895414
0.0774118980387
0.151710809674
0.0466057655616
0.0616905561428
0.0418062094737
0.111667293997
0.0903596422838
0.0879383646152
0.0441982479192
0.0761572199338
0.144671570825
0.0921020773606
0.159078468786
0.0842193265091
0.133295848413
0.283042919466
0.2205049196
0.110789267703
0.151975475643
0.0945663535677
0.345852538895
0.11766204216
0.312729767576
0.0665907007715
0.0650938877145
0.0483319188824
0.0899638494339
0.0601296232205
0.174826275971
0.208182186019
0.0899243057077
0.0918565835143
0.0845431806008
0.195690210587
0.0298981213557
0.0874247684192
0.0352619299342
0.0723503394554
0.0772054457803
0.153455666259
0.115278287459
0.0817050705824
0.0415053197266
0.102232307753
0.0845980877322
0.135596571837
0.124713087901
0.0848719124309
0.0890795163426
0.0457008183405
0.0496145985129
0.118436365722
0.0992208102499
0.112531390183
0.122630481784
0.0555206644436
0.0421259314071
0.146292452677
0.215278350505
0.0692676502944
0.110563511513
0.106064747451
0.0962544793628
0.117310277021
0.0556017720447
0.0578631772352
0.232053555785
0.0457492039667
0.0794747730805
0.0670720986986
0.147937688274
0.0843796019459
0.0329709725521
0.201782697846
0.0800181065971
0.119875701191
0.0720294997007
0.107283024378
0.0505493277581
0.0903531367262
0.21086580806
0.101540959018
0.0609872360193
0.0514962954371
0.207586470408
0.0473266714727
0.0241118083455
0.0782492224944
0.128219123558
0.109844582555
0.107435584056
0.147288467613
0.0590946124973
0.0591504319354
0.14932220436
0.18452174203
0.0437180160095
0.0870838628194
0.118412585285
0.159182658091
0.1316173463
0.0784656194996
0.110177026012
0.111530026153
0.0462100710156
0.0510855844029
0.204585059973
0.213558088071
0.0991967290511
0.128147215526
0.0475294103856
0.0417494190545
0.131336132182
0.0587380593852
0.0477747564122
0.11413423
0.0334106546205
0.0456707396588
0.0667609199252
0.113457732576
0.164291342016
0.0894504843951
0.106157245855
0.114294694986
0.148262610592
0.123054187534
0.0353936699837
0.141818947991
0.094565560575
0.0741463544615
0.0724861046495
0.112751433439
0.135156226793
0.0621061439066
0.0990482977166
0.129987156638
0.126659557056
0.104020503399
0.0760462808871
0.121092101644
0.207540074228
0.0694376664829
0.174742566124
0.111271930916
0.052460380166
0.0640222260968
0.100815495339
0.133561252088
0.127542343633
0.0536123822555
0.0810000194292
0.125739988789
0.0909138851009
0.129813822321
0.0455729915475
0.126466190089
0.114963503065
0.133223674414
0.0474134987472
0.173480637225
0.157497329242
0.143193699307
0.12405430756
0.117087232265
0.133401749482
0.044099582732
0.110791774793
0.0560472876587
0.0890845875489
0.117129833884
0.0700969894105
0.091426070954
0.0893206646801
0.196836567018
0.231823700252
0.1157687264
0.094378154445
0.0892543179996
0.107103248794
0.102710464996
0.15255970044
0.0844101375175
0.295645733334
0.0938587391612
0.0868670630243
0.0418792098134
0.069877269587
0.171779934218
0.127400200633
0.208882593514
0.0512014366794
0.0851031277301
0.0450932222436
0.0928965053968
0.172153076651
0.0663944506588
0.0413251932287
0.095851491072
0.135193770967
0.107714465775
0.114372524006
0.0448060502015
0.155087794854
0.0761094349559
0.0638019089544
0.091657158772
0.116303191253
0.119630549401
0.0428648488574
0.138445679632
0.0869958774965
0.211484797672
0.0149605354211
0.0940424469944
0.110653167496
0.115197037749
0.100290463419
0.0686943214519
0.176821784606
0.0668904919515
0.188978891076
0.0674093594685
0.157141691439
0.0426260418164
0.103636545161
0.257682830889
0.12067208574
0.10353359697
0.133608005067
0.0647706631384
0.188519045795
0.240746463927
0.262576414363
0.0730034652267
0.0569844078243
0.0844825847498
0.167049397793
0.0908371373614
0.0425391071492
0.120558144404
0.122828826319
0.202993898725
0.0345199972814
0.169104580147
0.143920275111
0.0657739598048
0.0246632502661
0.0683664317711
0.0771741086824
0.0598410581381
0.102632553254
0.161276603939
0.169740165554
0.106975025265
0.11080386978
0.0650098264016
0.0838579559913
0.0595740097247
0.139721860781
0.098899395554
0.0828961277063
0.129256891146
0.139050625079
0.0651877920741
0.0485218797579
0.200162413804
0.0541300513766
0.092311726231
0.10189549987
0.0418539044111
0.0724539492164
0.137665033201
0.111041868775
0.0789220411155
0.0314491425318
0.120358793832
0.0893003907398
0.051618223106
0.112710919937
0.0991642736368
0.174410822547
0.0669007042328
0.162450946022
0.0456967009718
0.095740525135
0.128052742911
0.199266129219
0.0541377750497
0.137984909913
0.105166452969
0.163604925035
0.0920861709266
0.0517956267259
0.0922809330316
0.0645577889771
0.196555483671
0.144833057826
0.111482436783
0.110949146234
0.109324578717
0.103771998414
0.100354414166
0.0780775601919
0.0886191258829
0.0971018367359
0.0741870988455
0.128311279361
0.161242977795
0.0766548175183
0.148498684043
0.0430327480631
0.049726089171
0.139821782742
0.114872819675
0.117784230495
0.0894592838868
0.0701792139855
0.0940142485364
0.0803002263569
0.0847065712246
0.081011308712
0.276885822337
0.0787861879352
0.0985162541071
0.0916256333098
0.12962876034
0.0144772773512
0.0963747084171
0.083455684949
0.0930210543669
0.0879421270913
0.112273218543
0.0809056670351
0.0715816019848
0.0360390891784
0.0533069478005
0.132802745356
0.150145615956
0.172552296744
0.205865561668
0.138538945026
0.0718546845081
0.140255192053
0.266254854266
0.115185196561
0.147126516294
0.275348423392
0.230815331082
0.0751239862648
0.108984691559
0.0772375413107
0.101227085948
0.122847218548
0.130558969311
0.10919795053
0.213628091855
0.182098793703
0.0228981648502
0.129528224592
0.115459462651
0.111324152844
0.0600393577001
0.161063528874
0.0382864031473
0.21864203425
0.118467380383
0.137744873063
0.0726957744101
0.193695526429
0.0387359510708
0.111977102436
0.097339024785
0.039199993617
0.073201320646
0.0272063316152
0.0617188473127
0.114519189965
0.238164038207
0.0781867751415
0.344496451695
0.125466495908
0.144281263156
0.180408219092
0.0654606792447
0.168830536172
0.125361142427
0.111080860454
0.121219498299
0.131074082951
0.132030889455
0.0573853969177
0.120593373396
0.133542463277
0.035895103745
0.0781405198035
0.0698307267504
0.0587046016608
0.113879577951
0.0201117558317
0.155978092737
0.131533212329
0.058822997234
0.0459342108853
0.0860967750082
0.0548889423823
0.125211122574
0.103367150187
0.106687143661
0.0664279618136
0.105818396561
0.284224245718
0.0707315315706
0.108293508819
0.0786978695939
0.0909011284668
0.107696014252
0.0715184074297
0.22784792137
0.142357704669
0.303852259036
0.0715255457922
0.0580250021286
0.207374993983
0.0605248897594
0.140277515656
0.0479261342598
0.0896148732737
0.131885582661
0.140513168292
0.131445743376
0.0676698678043
0.032733198902
0.219308449344
0.150927504958
0.123466622345
0.0861103157005
0.0683220136026
0.0584888555143
0.083123466449
0.130587381357
0.0411504362219
0.102674760204
0.0509093209939
0.224983615404
0.20017836031
0.0627793984453
0.161751016606
0.106412570939
0.172395061415
0.260941682729
0.0593913739798
0.0661081538543
0.11717001919
0.0860624129116
0.0784768930432
0.0518683687887
0.111251255187
0.0951584746538
0.0218376665907
0.124529894972
0.0750143785124
0.0836260583847
0.0917528944487
0.0758684043534
0.0789587475689
0.0574086799132
0.087679598219
0.0847922630503
0.0303623256805
0.0780938561896
0.111914190736
0.0673477885992
0.034908510686
0.0868070719318
0.0860956563541
0.166719570848
0.12541192656
0.0927810819379
0.150461160422
0.22551803202
0.035076588421
0.0969230971398
0.130022942281
0.137965568557
0.137756780622
0.15400894947
0.0473761878074
0.160599572721
0.0259814665325
0.255745675656
0.0841247697234
0.0987953929766
0.0597688616241
0.151988376832
0.10302700696
0.060551401193
0.12682876337
0.12597272196
0.102374523764
0.144483810003
0.1326419253
0.11709905379
0.155178619583
0.0665047521053
0.197458033478
0.198790005569
0.0870104446103
0.0732548311283
0.0488652427261
0.114088504125
0.313542607666
0.112776159855
0.084760046654
0.0956549014402
0.0558772270519
0.0496847767164
0.0737352758759
0.135850943678
0.182744819721
0.0975635986648
0.200295289723
0.0850733102361
0.0467837738266
0.108564019087
0.127563680643
0.201191556761
0.0622340236612
0.0264205380034
0.179984966847
0.090087455776
0.0346589358892
0.148654843342
0.0541695842528
0.0881892388496
0.122061221454
0.0770400554759
0.102598914831
0.107624412484
0.0897220753252
0.0523810437233
0.184692258296
0.120397034947
0.099958540593
0.0680887618474
0.196277092023
0.0659219609717
0.215608030128
0.119353608499
0.0941035538702
0.134191292832
0.0662114512674
0.072502257702
0.0923095595741
0.0727640951215
0.0407302805777
0.0198238377729
0.0905856902041
0.0163763906282
0.0874181480898
0.091552071717
0.0660305052506
0.126334063001
0.0708989101678
0.13161075761
0.0636561913395
0.18575487993
0.159292030352
0.044883596011
0.108166990972
0.0909413697988
0.187595891848
0.104777323862
0.163844667263
0.133134461268
0.0389127690752
0.267986264877
0.134331961579
0.178684647586
0.0230686654082
0.021753957094
0.0874177175982
0.0285471468019
0.116144493556
0.0420662961017
0.107213196982
0.0985600057952
0.0795719478851
0.0705698655616
0.0835684944473
0.119344731506
0.0679727261455
0.128921348798
0.134160522094
0.0177184368478
0.192329718552
0.0540378057239
0.0455819227131
0.104221858549
0.0597791619471
0.0498209761806
0.0237118853107
0.133815055774
0.144631035476
0.161210567209
0.0431046047963
0.0536165112861
0.0717346310699
0.0609531851962
0.0871328614901
0.0700866675301
0.119768196655
0.120073543598
0.128265701102
0.217121916492
0.106365047289
0.0797314008973
0.0719362261226
0.0338161716701
0.158978662137
0.115218161547
0.1773867535
0.0965452640773
0.160598146522
0.0870122923195
0.0862263480919
0.0773237320539
0.0741887874754
0.10261380662
0.0716834537251
0.168130005329
0.104909506689
0.105845031305
0.0280827504252
0.0869017724213
0.154665810217
0.115496989538
0.0844249350431
0.142561410781
0.129984432516
0.0804495425919
0.118197705065
0.370319503668
0.163894096945
0.077750004896
0.0205130081179
0.171499073609
0.0673137710824
0.0488907734431
0.0825738658485
0.103518892767
0.0653590108026
0.137960339541
0.261910966746
0.105714940535
0.146062332977
0.0562344721554
0.192409335975
0.113198896752
0.151553191624
0.119868372444
0.122840710954
0.0905113083793
0.0207149272751
0.0124393027954
0.123461108399
0.0918187636384
0.120119210377
0.108784150054
0.0469000501234
0.0944573118978
0.0892750392708
0.0707369488335
0.0803490549995
0.055918450062
0.0661523166796
0.102029245137
0.0903620330744
0.0696536794706
0.132411104931
0.137088148589
0.0573401274579
0.123525084412
0.0930526666939
0.0920155514812
0.0976816701988
0.0707415697581
0.202445692423
0.102448638078
0.0818298309294
0.0771917942256
0.0820310208494
0.292418752147
0.0561624896849
0.0578747625713
0.0957455285321
0.0895014084731
0.106239347374
0.210743380495
0.043329062152
0.0782515901297
0.120137320215
0.0519935313663
0.0928979774637
0.144276683403
0.0639013852391
0.104228437498
0.15864625054
0.0420281042165
0.13578077341
0.152231644784
0.142150368019
0.153673494612
0.0655638557748
0.0553559765327
0.0516557925794
0.115968738928
0.0960334137354
0.0727932819019
0.349435851927
0.123246452934
0.142129727089
0.103501397725
0.173400522592
0.0476344667758
0.0450499168612
0.074921288183
0.109287910012
0.112877188303
0.0579695674746
0.060597394641
0.116704686208
0.0765031123639
0.127767718259
0.0515070007702
0.0728531519784
0.187517589327
0.0833296855281
0.0515484356265
0.0890584640993
0.10433755574
0.0383098203438
0.0906131938015
0.0685631522481
0.0475253326903
0.252218935409
0.111896112341
0.128196936005
0.0684020386377
0.0885353053733
0.0908905504361
0.119758763055
0.0857374935831
0.0386723834315
0.114197754895
0.112846701593
0.106774304837
0.206672056154
0.106733719694
0.0876007838074
0.0820699067501
0.100090152544
0.0766386590493
0.0782061651472
0.0891732952202
0.0779654410587
0.127077959652
0.0589319385342
0.0976471730869
0.0960506272703
0.071101685504
0.0286463165499
0.114771880998
0.0368693640133
0.133301811274
0.138976951706
0.104063709408
0.0482992964443
0.198813288771
0.347010690953
0.0493782045644
0.176304242795
0.173947934126
0.107355261152
0.0700533501959
0.0757772366688
0.11009007649
0.135811789444
0.156725831866
0.0374585184428
0.130285126761
0.062156672527
0.226029593756
0.0416212650695
0.149620157596
0.180344467598
0.122784653413
0.100259197935
0.160151732686
0.203792997137
0.0775312897385
0.121641884701
0.0698814404756
0.131787346447
0.131994931978
0.14389250271
0.0730478659518
0.127138291579
0.0859551516061
0.126963522694
0.0803941442453
0.123852935708
0.081419582969
0.168122348393
0.133213767123
0.15798296498
0.0871441623426
0.0584546322624
0.144156348057
0.0438131590288
0.16550394655
0.0343070278034
0.0450281171543
0.0367945647101
0.107201311779
0.0916505190728
0.145568528745
0.120383666443
0.118800247731
0.0393577948823
0.140719826154
0.175502891956
0.0499704419842
0.0638374541928
0.0846319951221
0.0704611426948
0.0819625776417
0.0964919946515
0.0866929609335
0.115826352364
0.092404312353
0.0613657668176
0.0304105031685
0.172266465055
0.0715874931742
0.100164396957
0.0602892647889
0.0562725932286
0.128227793252
0.0877346157845
0.083413422851
0.22022834475
0.145597627557
0.180453527368
0.0608773139796
0.131822828765
0.21187935686
0.0916597147146
0.0721109013953
0.0552450121714
0.125699340947
0.201417528134
0.115512835321
0.100709648138
0.147073680762
0.315184176392
0.219626138748
0.151189356561
0.178901537372
0.107584530227
0.0984723988257
0.0150216430793
0.11572919435
0.0649350105908
0.250726497722
0.0752884059063
0.0682975971872
0.087418004547
0.157047096439
0.0846447083388
0.109608700394
0.0551564177953
0.11112544122
0.0538578410962
0.0433915849503
0.0720229177238
0.0619019727544
0.101798798729
0.124975730994
0.0821329695884
0.0745500743075
0.0991174630997
0.0879459771345
0.156498610011
0.397639401631
0.0426332454216
0.128657379046
0.220066018191
0.0765401899683
0.133083839543
0.123525559123
0.0851368742612
0.0481293330221
0.0698959622232
0.0637489333547
0.14720498776
0.0585501798463
0.183339295405
0.107028223688
0.0521245323597
0.0267768180141
0.176729541117
0.0937055862285
0.116110289364
0.080948498281
0.0739536569762
0.129771297705
0.099113832392
0.126634787297
0.0487089873459
0.0380041698511
0.0943694306005
0.273547654133
0.0560872694182
0.289362900332
0.142265988019
0.126708285086
0.116057293935
0.141569121627
0.0601924774828
0.110333709573
0.111894193332
0.0937262185485
0.14539639337
0.127898308456
0.195118386817
0.0904215934631
0.153504251251
0.0710435135086
0.0266414668846
0.0780574071561
0.0699939861122
0.0890455747844
0.0711623987567
0.0824042582831
0.121221494402
0.145991369832
0.117323624801
0.0733176260034
0.304897858621
0.0815166672357
0.0709823804759
0.117438268022
0.0654000328157
0.0678395674659
0.0891244559537
0.185299760288
0.0754285795135
0.188314505017
0.0491976515304
0.0913308593616
0.0530007214642
0.135678521501
0.0805706691819
0.104652575692
0.0839573473636
0.0967596806965
0.0789332667378
0.079921852135
0.0707699706962
0.0688587982065
0.180996175539
0.132389831336
0.0988970524465
0.0694971969284
0.155512237523
0.159910444697
0.0926526597577
0.23602696243
0.146386875837
0.132075187947
0.0798987667658
0.0708535217755
0.143941187028
0.0624229511326
0.188336469942
0.104921339603
0.0716488522498
0.172501224684
0.135431218203
0.123167001937
0.237508106514
0.082943384229
0.0726568642548
0.137030122664
0.325182586413
0.105601153421
0.0281556135216
0.146357444179
0.134100223569
0.0819031264044
0.100905091834
0.226691652504
0.0920558979116
0.0443496020207
0.0715993991631
0.0575915691263
0.102510036324
0.112608400905
0.0965232727146
0.215460182455
0.13995719366
0.0526445715086
0.0830915602341
0.087292146564
0.329949864625
0.0388697542063
0.0811384394311
0.149415550877
0.12287146672
0.0835845478137
0.111273293648
0.111997866577
0.223724033365
0.0930176952901
0.0478627195154
0.120459386242
0.193679588723
0.176881109131
0.129521002269
0.0862127748973
0.0594046822712
0.065813855706
0.0815378827628
0.0869893648205
0.0648677023055
0.0637967301346
0.065701311253
0.161817675985
0.128797639769
0.263004610068
0.0404947232772
0.0531243350711
0.0861431855275
0.0991726130345
0.165858789114
0.125188916454
0.0562694803792
0.0419531920829
0.0945183527177
0.110357169147
0.108597336958
0.0598298227262
0.0607392407359
0.110035099468
0.067019765417
0.0910941600747
0.168721940144
0.108583001293
0.0891813578962
0.197327992807
0.0386939611735
0.120303826319
0.0762910786374
0.0443997502843
0.0477747486922
0.11347716963
0.141890714101
0.0283909197861
0.117228577356
0.0812945560578
0.0511584567105
0.0881748757608
0.0505778478074
0.0873303695576
0.15479349562
0.0663620144392
0.160503722672
0.0964135066831
0.0918698007044
0.0475312016445
0.0718926131
0.104115540276
0.0881293401221
0.0321748165454
0.151005966356
0.126600040561
0.0923767806328
0.0963436965313
0.0430388912983
0.210967031594
0.0623451814996
0.0351730484108
0.0470119441062
0.0915697757017
0.0460950120185
0.11181508118
0.0536836022455
0.103935850905
0.122604688706
0.114956954208
0.071015019562
0.144003910906
0.15472422448
0.126820648126
0.0931598688668
0.0727983913394
0.0407732803547
0.0883474258765
0.208166321095
0.125874602323
0.0874600165481
0.0780529601315
0.0240140250084
0.0256043790402
0.12223856136
0.152528133959
0.114702428108
0.0721336320777
0.0358314036167
0.162095455969
0.130085236708
0.074954580021
0.171229024127
0.0613760365049
0.061299078054
0.192530263387
0.0804812218056
0.0871430052372
0.0713146302844
0.029579318518
0.0992291378986
0.0387481889864
0.139841421686
0.179084546849
0.158113298406
0.0646020911679
0.0604902046936
0.2152151998
0.146162103605
0.121568159993
0.0587291984862
0.0104681819691
0.0427221409005
0.108365221521
0.0267903390839
0.087808546225
0.0876807240056
0.0996475292948
0.167168873667
0.0361027671377
0.115054529345
0.156517903627
0.15483855193
0.0490374151683
0.174270738531
0.0675366227304
0.0381570996414
0.0769359458575
0.186701838007
0.0953578882996
0.113804742403
0.0906084741198
0.0785874318755
0.242615670164
0.0374060253248
0.204218062312
0.0617273039142
0.0840510550886
0.0558705343759
0.0882706557812
0.0949181994817
0.171347777207
0.177904620538
0.160141339973
0.124113877664
0.114819395835
0.0775703158946
0.0996226825053
0.124550854156
0.0503101332041
0.104374185053
0.123208494566
0.0550734551876
0.157735358839
0.202786753989
0.0909281486252
0.0805984812589
0.124837294549
0.074206502031
0.0638914079826
0.0498511289126
0.144122241523
0.111628505893
0.0500029494656
0.17514106186
0.107891266403
0.135990412589
0.16635716139
0.0598373849616
0.0375618971257
0.122498139091
0.13973734612
0.0900064017268
0.101742593292
0.141968746951
0.123803369195
0.0972809587788
0.159932003588
0.0646498927483
0.0822141055524
0.125596386973
0.169920726254
0.184538245658
0.100696121798
0.087417551343
0.084752450893
0.146983873442
0.0398196658673
0.233898631931
0.0394528094614
0.0834556481186
0.0720857976801
0.0805519470612
0.140654976998
0.0511411923302
0.0317581888109
0.119975248813
0.203748294768
0.105757042383
0.0900993045415
0.101735032853
0.0360146984375
0.0890762387613
0.0761992264997
0.119075062459
0.0436889410649
0.055150970246
0.113881426338
0.124622600217
0.10306520949
0.0554681773264
0.209114106169
0.0762235525379
0.140390061847
0.0253080733688
0.124188901404
0.0883490702718
0.0723535925842
0.0437517487152
0.146853559122
0.150477726297
0.0555142836706
0.0918845483812
0.213249980852
0.163079970042
0.0849965758805
0.133878452762
0.196858709839
0.18236651976
0.0632937481013
0.192796145915
0.12747411901
0.224454594665
0.0677029660735
0.0867093822072
0.070787420023
0.128866166398
0.107089307602
0.144322389769
0.163921542595
0.115141356921
0.14874009192
0.0905158598326
0.102217484925
0.0444751323257
0.115139835962
0.188215567334
0.130185137832
0.0488217344762
0.120527991964
0.120493762754
0.160992494715
0.020740349554
0.130409519985
0.0721436379607
0.0548659045548
0.0892094242999
0.140873163916
0.101622235509
0.102843707358
0.0898995833614
0.070149714747
0.0486760439413
0.103754260549
0.110698015161
0.0457918970696
0.121660401996
0.283452407002
0.0789257407621
0.234923571593
0.0595400394596
0.132278519372
0.0955520281654
0.153366778355
0.0888501817144
0.0454939292384
0.0988638036901
0.106046118676
0.113922165226
0.0934934401502
0.0988332718021
0.0363365523746
0.157265064985
0.0802432514703
0.083769469665
0.101221394134
0.260209593768
0.207636835307
0.139811505105
0.047153423283
0.087266962985
0.0776216732368
0.112810898071
0.187629456291
0.223100236794
0.0813452469994
0.0885747213991
0.176770930675
0.175647408454
0.137546284475
0.0362308730771
0.0992947638462
0.0697189963631
0.0434040008045
0.0519698784436
0.10929806198
0.0796391581598
0.0995156061636
0.0414798238693
0.0710972872709
0.0828544149986
0.0657326398854
0.263304044779
0.0564363686849
0.233403255944
0.0912581552741
0.105685392052
0.0633843901972
0.0592931945455
0.143474884987
0.0696240794747
0.14334765273
0.0917637845919
0.081172170897
0.125915996066
0.124470568612
0.15810761894
0.0540754876704
0.0888312260757
0.107104460118
0.0932380022115
0.0940426942345
0.0749458697484
0.0530758395784
0.106422076375
0.141257362005
0.231398849712
0.182961676006
0.0844014754168
0.104066823686
0.0918932397005
0.0961016994684
0.0608737728171
0.139287515041
0.132338818561
0.113971877936
0.136226533601
0.107394565001
0.217366954743
0.0838062276275
0.130216650546
0.0974049193081
0.379202342503
0.214603990408
0.161754668417
0.0523698025522
0.0972768444079
0.214778173087
0.0457392895351
0.207479705773
0.161377389782
0.0275167193426
0.0779991901099
0.0448408745878
0.114717532388
0.0870309474648
0.0477000332891
0.198645880924
0.211065532112
0.11027165505
0.164515501093
0.274325373645
0.0939591517498
0.118666967289
0.0728220216048
0.0621211180885
0.0271554579245
0.0915495401211
0.0269085671189
0.0763411618316
0.0488600633008
0.103184014063
0.0922472378792
0.154792812463
0.0778221294468
0.111609757119
0.131353313226
0.201275730864
0.0573849407679
0.0674435116863
0.0567315581929
0.0176859166582
0.112607119767
0.142167793932
0.0930906101648
0.03755294511
0.0651776020509
0.0434635478963
0.142088959749
0.171176180736
0.0553457032374
0.13682418847
0.117051671215
0.0750238877478
0.138681605421
0.196495888966
0.0761662779616
0.136499896281
0.0601103799687
0.0880448840406
0.227918457867
0.135151545515
0.0745749829469
0.296988899033
0.159946256275
0.0759505110114
0.142562755325
0.048338985662
0.0551432372417
0.0638344191667
0.332217809314
0.133871745161
0.106520903304
0.195237384273
0.109648602059
0.14795178746
0.227295641257
0.143668725879
0.121070460146
0.0944032722113
0.0481045820847
0.0223213468748
0.162098868257
0.0566968303994
0.269415306187
0.112494019845
0.141657526101
0.111868448083
0.0951661230059
0.0721321121142
0.0760688295934
0.126998329058
0.11550421399
0.143683348278
0.166034073771
0.142944602856
0.0951169304114
0.0773454328885
0.128328642232
0.023300349579
0.140609992938
0.0814080469277
0.09043872381
0.15947343595
0.0829364960635
0.0550370901805
0.0901083635125
0.137102382104
0.143485286828
0.0658630887923
0.0710364194217
0.0293692753871
0.0729092380428
0.134460533682
0.103273013147
0.0884475988858
0.137831604971
0.109929374834
0.182216438278
0.095565791338
0.0493363933233
0.186321913414
0.194388999671
0.0329780399195
0.073578321213
0.0806781219607
0.108878712476
0.0252126631829
0.244257755492
0.0824452035704
0.071601977941
0.0912276604593
0.174202231949
0.157504079372
0.0780476762518
0.0354713652885
0.0892894439301
0.0659067432615
0.0356109630196
0.0434252005556
0.104488169594
0.198054850702
0.0464592099501
0.0721652788543
0.137341702446
0.106825196408
0.184667991099
0.122916822752
0.134334851918
0.135291531581
0.152919314169
0.0796237178752
0.103894195656
0.109618132283
0.093228335535
0.201312813861
0.0757005137277
0.103398996486
0.131904116196
0.119106763825
0.0942895514102
0.0822030714022
0.122885943787
0.109659527141
0.0844265678256
0.283165059549
0.136144381156
0.127402655186
0.0815074017576
0.0377423443743
0.0400163184385
0.152590187635
0.123552793615
0.121469755761
0.0761259408291
0.160544217977
0.0971183407588
0.0858253365826
0.0921833375448
0.0552152809006
0.0772795993004
0.137277020597
0.0336440548504
0.116251411956
0.186648721873
0.0537210718769
0.18558382684
0.0865079810924
0.0366111029932
0.0468718993689
0.117031628682
0.0872768226024
0.133771050952
0.14023748008
0.197283141432
0.115592457097
0.0977549395623
0.0342623524076
0.0827625601385
0.0891958033807
0.127429256454
0.0658973173937
0.155016785551
0.118206453684
0.103381907356
0.0845066857777
0.0513715939125
0.0762132609405
0.049245017862
0.0682095954559
0.0563572381836
0.128058283526
0.0604230735135
0.0868291483649
0.115346756324
0.0557282872338
0.120016451466
0.0591302499246
0.0580791858149
0.132134140717
0.106287112429
0.0957818640054
0.0372668033965
0.183160952948
0.105015699669
0.136703837864
0.0261320744161
0.0634510420002
0.102561721799
0.098732037158
0.159098671603
0.122565010579
0.0515944220299
0.0702924091757
0.110898539526
0.0548124077588
0.0351178112578
0.200773399972
0.0986703767823
0.123785214006
0.147670597553
0.092359027505
0.304128547306
0.237466602609
0.0505515699723
0.167304247195
0.118168655768
0.159114379151
0.151723445064
0.053727056669
0.0187657878078
0.111591587814
0.14469310961
0.154544578014
0.0955507587331
0.0667852686457
0.156285184159
0.0945950138939
0.254991871183
0.189778269533
0.0483133271389
0.0555798876439
0.19214869972
0.0679284615161
0.0971149460287
0.1094511209
0.0418873734135
0.224909338642
0.0870032902994
0.101807402338
0.129113495832
0.0613711658692
0.15089176154
0.131402623273
0.0322333106908
0.185840733113
0.118423099541
0.162424948266
0.0898661630874
0.0317706230825
0.0970099488023
0.161812845319
0.234424889683
0.100938360906
0.0718395227053
0.0824323065276
0.121152057699
0.0728631511007
0.22104672942
0.191583837515
0.118008995236
0.0912565029324
0.0844656800274
0.0932793628935
0.164459322412
0.145366407889
0.135294849786
0.12521673675
0.0589278009378
0.0824566370907
0.0600600063921
0.107508121049
0.0261922155822
0.205189024061
0.0737504096244
0.0495758616386
0.24191901317
0.155648676817
0.0632727037197
0.22656307532
0.176492818512
0.129395554917
0.100350363453
0.0577398543002
0.0717244366643
0.137943645315
0.144417677672
0.159445983586
0.200992325213
0.0792111741289
0.104685973489
0.068693559161
0.254295425488
0.05405567554
0.106490541887
0.121982973382
0.191970775169
0.103444170406
0.163408201065
0.248318305086
0.0947613314928
0.0348979391399
0.0316610343717
0.146182876545
0.0595680476115
0.0542481319717
0.105863855075
0.0522995147423
0.140203642923
0.232227890576
0.115796672811
0.129933676992
0.109304761084
0.0272597205961
0.119378076989
0.118437655395
0.0303517185914
0.144489604646
0.107155326273
0.0950926242207
0.153633613824
0.0369065242068
0.0820346903602
0.0342714748942
0.114059528831
0.133863443828
0.0871955019808
0.0247116069524
0.129471151541
0.0594634919205
0.0659076637068
0.168317404532
0.121167881469
0.168909135778
0.295783416704
0.11565089972
0.267974407177
0.0394410859995
0.102957617637
0.0548326198492
0.17925839641
0.0761624384305
0.178779295433
0.11118339442
0.241433333446
0.0919065045881
0.0875489022406
0.133078280825
0.120448892372
0.0708158300127
0.110012493935
0.147797275328
0.180473779851
0.0238791053951
0.0724432541081
0.0826049147895
0.0966481581882
0.148053403004
0.0623378086099
0.0596163633155
0.0996948681809
0.104632036113
0.0346920947179
0.0601685029972
0.142825706768
0.0912453589
0.111098919114
0.355818045693
0.0285006995514
0.0517835102981
0.0281211128845
0.0621312985371
0.0988074815237
0.0720577331813
0.0718816444705
0.0839131496716
0.210968544434
0.121448985701
0.0347215550791
0.193256741389
0.0821102272917
0.123541826173
0.0316927175311
0.0362326215246
0.0669765291425
0.0463215673521
0.117891797168
0.118128322956
0.114922620519
0.152036811506
0.0572357691244
0.0394976259996
0.0519510099575
0.061617069459
0.101054854646
0.0807396877253
0.0759315110033
0.113344253045
0.166507636993
0.0316832703849
0.229067015626
0.127991031723
0.184961079034
0.0677090947936
0.155501988651
0.23302837431
0.130613816988
0.109671544179
0.102016957365
0.152315959981
0.0703949326133
0.142619763808
0.146635703344
0.0891183230826
0.0933368894748
0.149146322963
0.0915462707322
0.235504333689
0.125119090025
0.0652082922591
0.126777800365
0.0752264455328
0.141046339876
0.101722814145
0.10876101039
0.125254695272
0.13611323381
0.106027788515
0.14171520806
0.159028645205
0.0524006856296
0.138863508562
0.150475089163
0.0994399655413
0.0974776074977
0.0621784898086
0.137395024737
0.109131939338
0.140519870232
0.161852846599
0.137909811407
0.0874470859516
0.213322576636
0.0330196559088
0.0689442905394
0.169924289079
0.0493288963853
0.221909651964
0.0897935771951
0.0554247147681
0.0483416316929
0.04705089096
0.20646515297
0.130618402103
0.0401886096371
0.230975669654
0.128333895676
0.106722131509
0.199166446952
0.123785000882
0.0594302351812
0.122282644808
0.0608099521714
0.0387776653775
0.153555057852
0.260441033476
0.107761214388
0.0702362822814
0.0421346307375
0.159573219972
0.0385079964812
0.0543805592487
0.155601998045
0.0867878778165
0.0569570321261
0.103309140397
0.256234267172
0.105475692048
0.0621769575895
0.110131898721
0.0533360685875
0.133700655129
0.0621206579863
0.158415252786
0.142917559927
0.0875020490942
0.0756315808024
0.0558432083323
0.119886709644
0.117871889126
0.0829474718338
0.0513927708801
0.0993847767976
0.0925653015552
0.120711480234
0.068360800998
0.0784023155907
0.108414385613
0.0793102905903
0.0899722766278
0.16151088171
0.0977819742689
0.211065848887
0.122961471166
0.15636957007
0.153449282324
0.0962311202465
0.116663371811
0.153675458274
0.113455155473
0.0527110664377
0.234439982108
0.0944923768425
0.160423415398
0.0730545478374
0.131235554483
0.110602332142
0.164634543881
0.0433179459018
0.0525128410046
0.205387145366
0.11670977559
0.0730023602729
0.0822910997643
0.172170262696
0.0973510681744
0.165820353928
0.0586060555019
0.135567662482
0.206245013444
0.175541007207
0.133554901331
0.0208681503897
0.0958665011383
0.0946182136374
0.092335146606
0.0761379397585
0.0991672716004
0.0820219647144
0.0398789694167
0.0988163434447
0.253194872338
0.0823147632992
0.0897235587935
0.0862229384165
0.0865059573818
0.170637917745
0.180266614586
0.0787547756384
0.0990037107417
0.122592982406
0.105352026376
0.0903369111415
0.0994366950212
0.235794103993
0.0802058850434
0.144360066751
0.298794126355
0.188059303606
0.0610447080092
0.0593273460407
0.105161597706
0.0840505778815
0.0773184809758
0.0679342268866
0.121515415372
0.0545252438619
0.118655969532
0.147044018874
0.0401405384435
0.0533268492152
0.0389514846788
0.166615469181
0.146997754808
0.0888754335476
0.152599662821
0.102710192297
0.109973260272
0.195881117102
0.171604108564
0.0721212496709
0.0857147539234
0.134752340447
0.0984863155191
0.0597156827664
0.146329464465
0.0884998389954
0.105221485991
0.0708432625937
0.109201153906
0.125140300825
0.150161782171
0.0500163113477
0.0918250200723
0.0666409495193
0.20361933121
0.0674818623176
0.0891271147225
0.113685761969
0.0879547425766
0.354344140495
0.0528811436992
0.0734481412492
0.0787287677384
0.0708312079987
0.0320700667803
0.0950848574511
0.072543768219
0.178239193821
0.114912362502
0.0841082078581
0.116239977119
0.0502382268922
0.0164537466677
0.211864911275
0.119013089159
0.158899277846
0.0923269215801
0.124354637479
0.146660782681
0.109999817847
0.123157689244
0.0635244309418
0.0885018425413
0.0781685745958
0.0952289221878
0.0821603701123
0.0626237100834
0.0533663825658
0.0693577051144
0.0495852515726
0.209535735768
0.0720732223523
0.0780799351645
0.115034497285
0.179667345894
0.11292455253
0.182155411127
0.193157595171
0.0749499950819
0.0990979090264
0.129641406134
0.150944742864
0.0524965014494
0.107148053094
0.138963105912
0.0721226003515
0.163180576649
0.104448557408
0.0618373179681
0.151726219792
0.152006216256
0.21689881819
0.057422906326
0.090037439853
0.167179938134
0.135797251986
0.0621504888887
0.0860129798234
0.153252288568
0.096597562118
0.13418550107
0.185696206124
0.0237736986416
0.053653613703
0.142519461148
0.0551991621283
0.0929896216218
0.065780518332
0.197923666434
0.150738386351
0.174013953177
0.277367033281
0.0967154663143
0.0819918097975
0.10715240612
0.279481866165
0.145505518648
0.119866612779
0.145311301296
0.0298592720043
0.238677756143
0.0857122750289
0.173391370642
0.0275818877653
0.122565166609
0.133336776495
0.0840236679592
0.07426636721
0.103404854591
0.0701420991782
0.0988726861996
0.0477178719083
0.057008891082
0.132088108912
0.171809335311
0.103657682889
0.109258738449
0.0741574869857
0.0536442704503
0.0897693574571
0.0702866224755
0.14613278351
0.0293194978669
0.109045748034
0.0680130454768
0.0566063662803
0.165438745604
0.159705114697
0.130842010833
0.201965943801
0.104267749265
0.0735386651095
0.0955853870201
0.404557261874
0.0459808375837
0.0655510190874
0.168834960718
0.0378012193778
0.169784757124
0.111183011505
0.0901411322701
0.0519474142387
0.195250724872
0.0444986032527
0.0924549328136
0.0360828850035
0.0844284921383
0.108795579274
0.112341794918
0.0671931451021
0.0723878345859
0.0893717118418
0.158925638043
0.0960677369186
0.0336914959121
0.043085741334
0.0807290682791
0.180723741603
0.0304902632527
0.0355887202199
0.0499745206722
0.255072865982
0.118408516985
0.0932727250314
0.100324424896
0.148851797885
0.0694695888869
0.0721587559496
0.057872501484
0.161561707908
0.068169043736
0.160176660586
0.165398700186
0.14959397763
0.0837828551908
0.0795602772099
0.068672937136
0.187337294232
0.146780020016
0.0417258857908
0.13615898018
0.173794524306
0.298797015445
0.335599189695
0.193165755332
0.123940239666
0.0727619813713
0.133738420921
0.186534318783
0.0658067455663
0.097769983413
0.0503291484263
0.15501756289
0.143805055068
0.121196009132
0.129327528646
0.0437673935512
0.0824495922247
0.107494155431
0.0767530239549
0.190089322941
0.353760359297
0.0803005917285
0.0363249307982
0.0428134769913
0.142940478825
0.244133784969
0.127259922671
0.175004102327
0.112181039353
0.142485090117
0.116736084419
0.171303054713
0.0935305418642
0.0471867881431
0.111318105257
0.335290719696
0.116694832306
0.143020491906
0.0534093408624
0.0737624519044
0.0785960989647
0.0358734216919
0.151438863629
0.0719820910124
0.0694039801754
0.172738965389
0.0957812369988
0.137257651182
0.101796727102
0.135948401111
0.15421960878
0.122424687924
0.1001960135
0.096178502765
0.115080304004
0.0799380751581
0.129284615346
0.0698894070957
0.0894004312152
0.269977292331
0.116171839649
0.12812467752
0.0328592128767
0.0457542474652
0.0622043618857
0.186259948492
0.0498449465765
0.0677584164849
0.0993398748848
0.115769470711
0.105000580223
0.0874647446404
0.206252903007
0.0340180105358
0.11890123459
0.0999695114281
0.225424901232
0.115168144341
0.14765926527
0.111150403508
0.0738578636958
0.204474968088
0.145315518797
0.224401228858
0.0667441403682
0.0577001797453
0.277345337139
0.129004098435
0.165928812687
0.126992883713
0.110084345011
0.0636996964461
0.0195743837513
0.172714466707
0.0568754475736
0.100637367999
0.176488739335
0.0395015352462
0.0347491895392
0.103797488461
0.0821378156071
0.139423671174
0.201324792234
0.122307256256
0.0978968591456
0.133710388638
0.0490961513276
0.0903877043358
0.0852168107662
0.0280925304132
0.144598838165
0.0468997549321
0.0299576247014
0.117220645284
0.0589874739007
0.128781384684
0.0590620650627
0.0645052134217
0.123119160819
0.0923602686735
0.150102923978
0.0439214693544
0.129005638869
0.100434938627
0.158368227378
0.144813226772
0.0766317732697
0.0602962116725
0.134924479739
0.121761834482
0.23694661199
0.328327450404
0.125458761341
0.0851578113828
0.105732522242
0.056367084899
0.0196552645391
0.172787291967
0.121406718595
0.209300246473
0.115642548675
0.0464812538398
0.0614698087465
0.0537558185368
0.145066071972
0.11619013106
0.0334884720014
0.0897767011094
0.069110402637
0.0987741969162
0.047668473815
0.0915872640864
0.0140781267523
0.0817289298655
0.112701949667
0.104174903296
0.0890111918392
0.124304268283
0.111100395066
0.103871470483
0.181784872635
0.0635144152761
0.119111526174
0.0614484603304
0.179497752822
0.0518056684
0.100500807119
0.120985996762
0.0632021153617
0.132748627352
0.0762344743183
0.217332570349
0.0662293061532
0.0725899510526
0.136136642369
0.136063451321
0.124649731365
0.0631422207492
0.144400841759
0.139115293193
0.136052857687
0.107501484053
0.115387038477
0.182581990633
0.042573078772
0.0888058047264
0.102464265652
0.0933325515707
0.0582086192674
0.141640501599
0.163916208863
0.109747863525
0.0743804830716
0.219292384086
0.179651301146
0.0864790480501
0.0757811685462
0.205199359026
0.126324683683
0.117706950152
0.0926602404614
0.0899294058948
0.147201464224
0.0725336501021
0.0834799021984
0.106444039664
0.0571256129457
0.156745897737
0.0918909119465
0.115002196412
0.0261065434466
0.131531860692
0.0930654166138
0.103088718373
0.0940634642776
0.0854479755575
0.103044628682
0.06991424248
0.098220205735
0.0778271407864
0.075503999163
0.0561925579604
0.201107152127
0.0825895801509
0.107069346811
0.147554706479
0.0975669842338
0.0566562231724
0.212894241636
0.101490632707
0.104360846508
0.0858871931915
0.100681167449
0.21308584443
0.170025790488
0.118795865236
0.0395468475983
0.136161845193
0.157180235041
0.14715154989
0.141233870692
0.0196377668464
0.178776884156
0.0923790454276
0.0790960273592
0.199895361176
0.139369199595
0.0809039874023
0.107585354244
0.0854629748284
0.0621984441403
0.166010655256
0.191390213733
0.0793439416373
0.0804573326236
0.15263386536
0.0763602353209
0.0466349911455
0.0684339378964
0.087694753625
0.1258835876
0.185156670453
0.0373122356319
0.130156355657
0.121084399468
0.114691325406
0.0960516475409
0.07679982473
0.131376308716
0.186470999525
0.0456547117289
0.102499756165
0.0378086135714
0.0967170249098
0.217041412245
0.0843940473789
0.0634277677887
0.114322248832
0.0933820641178
0.222528532481
0.238503511005
0.0398223509606
0.145183491565
0.103058086353
0.138666966991
0.0700861741396
0.145372412043
0.0514545691424
0.055513132975
0.137254693541
0.0718366756189
0.0989617507797
0.0707202834364
0.0745923214912
0.188152463462
0.230727395391
0.0892614921852
0.0442233190105
0.138855714442
0.100114300003
0.0681799688722
0.0932314473467
0.0956387707817
0.172840840697
0.109841567367
0.0585659117479
0.0731085728033
0.137686448325
0.109507159657
0.0878442409609
0.0483483881526
0.0921162449925
0.0456999073815
0.118594685741
0.0831829136149
0.115968923906
0.154474317295
0.0845195628633
0.0963179448616
0.0476137044441
0.0327518463992
0.059835692362
0.0926895320208
0.0718576779858
0.0662584234138
0.107407985892
0.0905481622404
0.116686372991
0.090674111363
0.0739486992986
0.0677978316726
0.0606207919724
0.0211592646549
0.0206003252892
0.0940612965681
0.115859975775
0.186668484987
0.129551351543
0.0834101639632
0.103593025973
0.054775197567
0.104291689045
0.0739971677138
0.110317687253
0.0932701728856
0.105598161188
0.0857107960249
0.0918346555976
0.0876512554068
0.134914606967
0.0166411105293
0.273693307367
0.110119622438
0.119773302583
0.109964156091
0.115092233029
0.110470728302
0.171498730244
0.124665293715
0.119013079071
0.129771878128
0.123139977717
0.126633883559
0.0689019246675
0.179247949836
0.164535850996
0.100428267926
0.0831752071469
0.0793879929806
0.159078014795
0.147379082595
0.0310971099477
0.104340142331
0.111611787159
0.0791459789286
0.190065869289
0.12189703649
0.0255077732718
0.110774076595
0.117722967709
0.0463756394032
0.0778759327926
0.081598869974
0.0857940461859
0.0983292461701
0.114606854938
0.0567059366496
0.145790233039
0.188900290953
0.152933798268
0.111845960477
0.114159192042
0.285786905098
0.0335388788647
0.113070269824
0.121712610115
0.129364774142
0.13107853923
0.0781448342875
0.0856410808253
0.0708344678088
0.125641144738
0.0633685887662
0.0853444335411
0.209372153412
0.15374258238
0.0301475197034
0.0532047862328
0.166135358524
0.0622111222726
0.033204347781
0.0297389493272
0.0653444817618
0.141466547665
0.118027937283
0.129916177813
0.0905035164394
0.133221385596
0.0378860563789
0.14904867259
0.0898999996736
0.201060475031
0.0555400190606
0.131918188128
0.114343062315
0.193994215946
0.0260596082468
0.0692446089186
0.0498225608847
0.0322708678996
0.2713705267
0.0804196609153
0.0964298883181
0.219240083311
0.0592908571401
0.0949251528845
0.0424821841087
0.0993305374211
0.0880252964143
0.106692409647
0.182810091305
0.183935082063
0.120454375962
0.204916032167
0.0912269061088
0.140538572452
0.101425065769
0.111009532109
0.082231144254
0.0773179056617
0.0941691337928
0.158006858498
0.149056198081
0.101609076198
0.0575765197249
0.0854093694513
0.0502555593348
0.0351114191355
0.0575692688805
0.0919093969772
0.150007182113
0.0419637708445
0.170988364005
0.0899442259126
0.100389514273
0.0628881072075
0.169147577591
0.0636602642695
0.109316453641
0.108256446732
0.0694397186214
0.137155524195
0.146686342706
0.0887534843118
0.0647033405772
0.118658827467
0.109819979308
0.11361987659
0.151844785414
0.144411399008
0.0893651287013
0.0339680241945
0.0310573524108
0.163219908743
0.0731374251961
0.150636988141
0.0908853279019
0.0830690276053
0.212203513944
0.0451699876775
0.106736570017
0.124114668121
0.0688241212705
0.123781728503
0.0666384840704
0.0969510002034
0.0902200151963
0.0423523695458
0.0964776698282
0.177050906269
0.049373820964
0.141970325441
0.165575869146
0.0409456037302
0.0699114581195
0.0489086426988
0.139669300846
0.0570424719323
0.0453699234326
0.0731308777344
0.0395927967767
0.10081644911
0.16205165629
0.122511526398
0.100802115981
0.134134476249
0.178154399044
0.114214402256
0.0635020650212
0.110335775644
0.10028492584
0.156689469021
0.0515245632073
0.167898898072
0.0909600126873
0.11248461551
0.0306809656517
0.139919155833
0.0799845287129
0.109428463814
0.0810937651804
0.0593587892992
0.229484246659
0.0723356320288
0.0854430309325
0.0926345980798
0.0190644544347
0.123580610739
0.0672635352901
0.0859070445092
0.0314208573386
0.188158444407
0.146208907021
0.176075198327
0.0710672960001
0.136833671752
0.05860273853
0.0929302819819
0.179943543092
0.0529183866908
0.220297895239
0.110526892074
0.0976103892528
0.0877864906146
0.145207327747
0.0674471402626
0.0624636512267
0.0913874004012
0.118791771901
0.1040394624
0.147536335421
0.0388118559764
0.0771762737215
0.138348526543
0.10577967398
0.299603952005
0.0664077790594
0.0938623069805
0.033949049812
0.108706392389
0.0376612731655
0.123094065943
0.114576362966
0.0801595155955
0.115636924793
0.083698720513
0.120122487788
0.12989666963
0.0627589722598
0.0600387101289
0.0885224461991
0.118841935588
0.148516329284
0.196510005845
0.180774253899
0.0926000458734
0.191016544968
0.0798464172538
0.0763570190541
0.0543398233799
0.0631712091185
0.0950831524213
0.0447038124147
0.0961876703256
0.127238616668
0.0954067683378
0.190409684028
0.316357371815
0.105462934954
0.189333618117
0.0983598485282
0.0911567043293
0.0822654606912
0.244151576612
0.0968556725018
0.0430544270692
0.121188374684
0.0767999434152
0.191458334348
0.205331506453
0.248950238978
0.115166568777
0.115270698767
0.0944053578236
0.174733240537
0.197701901962
0.0877481085627
0.0527676871476
0.0986321217753
0.167229361836
0.0549444564888
0.128501256344
0.144729682796
0.119832469649
0.107050949021
0.100691675222
0.267279293407
0.038599602322
0.174931640136
0.0605461421239
0.0759222028762
0.0501245018909
0.0583523609817
0.0957465411568
0.121289682305
0.0284548121169
0.173308782185
0.112386514115
0.138678887026
0.17486823774
0.0587793258653
0.0522372232601
0.0534206481887
0.0902274574804
0.0570084765634
0.0629682181833
0.0718584696346
0.047219137168
0.172670052968
0.310823568619
0.102325705713
0.252471358948
0.0773691309176
0.0913191836509
0.133462040602
0.0761151459262
0.206753143805
0.132947918198
0.114981861698
0.208948531302
0.0614736573681
0.0585581410508
0.0988405806268
0.0849536506297
0.0996840221771
0.137378938675
0.0856318957476
0.140409737027
0.114134912098
0.134963047347
0.104555979092
0.16558967739
0.1109065348
0.0390106708196
0.0928229315274
0.125649111028
0.0799756894812
0.14670295606
0.0857090899582
0.0412716526926
0.0804096956128
0.0703645264508
0.0232929932031
0.0772684315129
0.0707642983534
0.13072690892
0.022537030581
0.134867977962
0.0744797010017
0.0845991137675
0.143877253607
0.0522798825083
0.0811527899061
0.124905958317
0.0748580214861
0.117080883171
0.0849969451258
0.113981899398
0.0480133808431
0.137002162439
0.20599024272
0.0393373150722
0.200529620737
0.0570779881161
0.0232727434506
0.0507127059026
0.147554764935
0.0771710147742
0.123314578269
0.032291996647
0.095300102796
0.0474825105117
0.028051529653
0.108668751859
0.11224036352
0.057527902086
0.104285561322
0.108177725682
0.0489418795429
0.0495116782955
0.0510916144878
0.189153217467
0.157067715129
0.0639726196585
0.0541006781149
0.137868919063
0.0806553130148
0.137459176837
0.0233376601286
0.231546582491
0.112445826927
0.0505688988433
0.16314174127
0.0472644989191
0.180037318126
0.0382361455624
0.100146201087
0.114386534199
0.0861448199627
0.161649704641
0.145274276953
0.141803732841
0.131340606648
0.190009464844
0.0569531803022
0.209789398724
0.0944989168029
0.125719417382
0.124234366999
0.164271806387
0.0720605846473
0.292984029209
0.074121540194
0.0520573138893
0.113895877393
0.158869984974
0.223246889188
0.114497010519
0.0880055343938
0.0388858562241
0.120119517167
0.242563877808
0.0714326012062
0.0811226469733
0.0795985131269
0.0569415581128
0.0492236272845
0.25983976002
0.13647954476
0.243090955174
0.199909917573
0.0597474608292
0.0470885465549
0.0871856080483
0.0248617275531
0.168541588971
0.086459969826
0.151789042272
0.0661407408308
0.10225271944
0.0674096531976
0.126630232479
0.0916286713562
0.0242377475076
0.0617713586875
0.102360939192
0.0693168223122
0.0627881820905
0.0481133658689
0.151653693543
0.155522643084
0.0245090477406
0.105536792493
0.0630411309596
0.156586363163
0.0342925845898
0.0366962843569
0.0950382478487
0.02774079545
0.110617521855
0.117996898851
0.0340932627997
0.231215563477
0.140417592655
0.085638177192
0.112984769847
0.0750496402437
0.0441326102048
0.113918903934
0.119155810843
0.0598476077613
0.126760063666
0.118691325597
0.129651002886
0.0581242718323
0.0869637328439
0.148577320976
0.106097402141
0.134467547487
0.141621932942
0.130980664705
0.0972201723255
0.166645564341
0.110175957073
0.213286800111
0.114674223232
0.132041727728
0.125075109523
0.0919386625849
0.077300709071
0.0820995141416
0.0589561387036
0.156965398407
0.0606387035072
0.0991827016644
0.0919355186284
0.0663583811302
0.138233074763
0.152682923774
0.0428502878139
0.110693749449
0.0971603767918
0.0643699937017
0.107119678355
0.108234979306
0.102258979233
0.0316801834281
0.0691543927158
0.103802146519
0.112594895131
0.0702809431725
0.0400392099664
0.101795098341
0.152243970584
0.208416792852
0.110583554318
0.0414283029006
0.0754951564095
0.0889468091789
0.112158640101
0.0954067883637
0.123045534864
0.0480418658426
0.0252310212769
0.0431095829003
0.0340109093868
0.0500707904048
0.0515069185875
0.151187719471
0.0560086733739
0.0450609940135
0.0903093511098
0.0803067022233
0.0529614538319
0.0516913371594
0.160857805432
0.0538711751073
0.106979367712
0.131426440284
0.0915256435205
0.125526990408
0.136891178293
0.253587702293
0.0928397152519
0.057530677496
0.0995396322673
0.189677138453
0.155169825662
0.0891621033632
0.184242753408
0.0800595046769
0.111445813576
0.0685212538756
0.128216105227
0.105338808353
0.097150042912
0.106791402774
0.10579897804
0.120031332592
0.0650888725109
0.114011193979
0.0961660310188
0.0928431209164
0.0703427398867
0.0720031038311
0.0691646063271
0.227905091015
0.0763618677768
0.0837001084985
0.0368239685314
0.242184232113
0.164032991105
0.0664174083537
0.131351335635
0.14059747316
0.162597121517
0.119379474066
0.0853210778767
0.0674991681668
0.0119825516411
0.0605291921322
0.0737449225913
0.0695208256037
0.0528253221549
0.0773767618536
0.148522079504
0.0785365393179
0.173253742149
0.123955114867
0.117538358766
0.0474131186032
0.0748017829197
0.102783778514
0.136961543176
0.0739180698783
0.0713635126507
0.184835806007
0.129021604347
0.0732252614063
0.0719407247749
0.147535353138
0.195737826663
0.0418677158325
0.171037002667
0.104727398548
0.0581376620978
0.108274383615
0.139380930954
0.0597227910505
0.0655697242604
0.143900397049
0.19351020016
0.0976835063776
0.0506455725538
0.219270996536
0.0907486165747
0.101184812997
0.0969818015516
0.0774379139731
0.0196460620751
0.0818658818293
0.137058659687
0.16742249546
0.227199069384
0.0753874987853
0.208701394768
0.0993046773789
0.100660588726
0.105753943197
0.09483526111
0.113676140309
0.0556629476478
0.102994154697
0.150440027438
0.114362060741
0.0889086774235
0.149665649628
0.201819877971
0.0563298939299
0.0767833926912
0.0601066751518
0.0692461754014
0.164036780891
0.07168708886
0.120065950205
0.0966777192036
0.108754348939
0.144313770807
0.117417122377
0.0769544301169
0.121086854334
0.073242374705
0.0283601790693
0.0690185922632
0.0682539927858
0.0302927703629
0.224694206265
0.101120258928
0.0509230526955
0.107036510782
0.0922140858469
0.176649374499
0.133510760264
0.0770378342717
0.144481165311
0.264691541573
0.18301228954
0.149676572374
0.0308961239528
0.146642698951
0.0813422048487
0.0426952520388
0.0746116810464
0.0146885002336
0.149112580644
0.111578917312
0.123327027743
0.212669412704
0.0870043144222
0.0310622341892
0.058122373678
0.116885312434
0.124313356101
0.0434280895917
0.0400341341051
0.0378533800706
0.122768426088
0.0786995223562
0.0641404897709
0.151584219126
0.0752690360301
0.0980923062855
0.0766187645279
0.082342246147
0.0732864798849
0.124031604116
0.0954145920457
0.0342112148601
0.0391167040625
0.0758538918073
0.0743512695275
0.10276396994
0.0852590597138
0.0650525382202
0.116083840243
0.0749776067681
0.0994148211103
0.102820249509
0.0652748727812
0.083307034277
0.0774850078713
0.0762778079098
0.038088934354
0.0474343910006
0.243728296587
0.151311494586
0.102094800892
0.0918794120218
0.0267822573721
0.194216008851
0.0873574819008
0.110896313023
0.142274469098
0.0895492175186
0.0674052606862
0.0876962298813
0.155840962793
0.297506514622
0.213585469356
0.0630929435019
0.0586667958854
0.133937117494
0.141460684173
0.195289719933
0.0505331349545
0.121065204998
0.168689472949
0.0768730273252
0.0872919748146
0.154789565847
0.240009855185
0.129913590606
0.141298450185
0.0586629075232
0.100640175549
0.0961050423775
0.152141231787
0.167062868401
0.142748293138
0.131173150018
0.0446536196558
0.0544527415985
0.074273054488
0.035181170313
0.0981467130952
0.130636582946
0.0422162253192
0.145567006769
0.0507172813912
0.140779883429
0.0940443216332
0.0520311177446
0.181861238364
0.115880325645
0.0765031305768
0.0567616894673
0.0588395587772
0.116055230917
0.0568011092643
0.120781485496
0.051274717304
0.0479151995104
0.119240892194
0.0777503032804
0.182934379108
0.0604951196312
0.220162359917
0.220472592334
0.103511971305
0.111306867849
0.170070287739
0.155454598377
0.137158502
0.12993600492
0.042845640819
0.0395619578457
0.0692576702547
0.114845960399
0.0199069234017
0.103017472637
0.098676251892
0.0890940206255
0.0871972475365
0.044995846692
0.189696247109