97 20 2.85
98 20 2.85
99 20 2.85
100 20 2.85
101 20 2.85
102 20 2.85
103 20 2.85
104 20 2.85
105 20 2.85
106 20 2.85
107 20 2.85
108 20 2.85
97 21 2.85
98 21 2.85
99 21 2.85
100 21 2.85
101 21 2.85
102 21 2.85
103 21 2.85
104 21 2.85
105 21 2.85
106 21 2.85
107 21 2.85
108 21 2.85
97 22 2.85
98 22 2.85
99 22 2.85
100 22 2.85
101 22 2.85
102 22 2.85
103 22 2.85
104 22 2.85
105 22 2.85
106 22 2.85
107 22 2.85
108 22 2.85
97 23 2.85
98 23 2.85
99 23 2.85
100 23 2.85
101 23 2.85
102 23 2.85
103 23 2.85
104 23 2.85
105 23 2.85
106 23 2.85
107 23 2.85
108 23 2.85
97 24 2.85
98 24 2.85
99 24 2.85
100 24 2.85
101 24 2.85
102 24 2.85
103 24 2.85
104 24 2.85
105 24 2.85
106 24 2.85
107 24 2.85
108 24 2.85
97 25 2.85
98 25 2.85
99 25 2.85
100 25 2.85
101 25 2.85
102 25 2.85
103 25 2.85
104 25 2.85
105 25 2.85
106 25 2.85
107 25 2.85
108 25 2.85
97 26 2.85
98 26 2.85
99 26 2.85
100 26 2.85
101 26 2.85
102 26 2.85
103 26 2.85
104 26 2.85
105 26 2.85
106 26 2.85
107 26 2.85
108 26 2.85
97 27 2.85
98 27 2.85
99 27 2.85
100 27 2.85
101 27 2.85
102 27 2.85
103 27 2.85
104 27 2.85
105 27 2.85
106 27 2.85
107 27 2.85
108 27 2.85
97 28 2.85
98 28 2.85
99 28 2.85
100 28 2.85
101 28 2.85
102 28 2.85
103 28 2.85
104 28 2.85
105 28 2.85
106 28 2.85
107 28 2.85
108 28 2.85
97 29 2.85
98 29 2.85
99 29 2.85
100 29 2.85
101 29 2.85
102 29 2.85
103 29 2.85
104 29 2.85
105 29 2.85
106 29 2.85
107 29 2.85
108 29 2.85
97 30 2.85
98 30 2.85
99 30 2.85
100 30 2.85
101 30 2.85
102 30 2.85
103 30 2.85
104 30 2.85
105 30 2.85
106 30 2.85
107 30 2.85
108 30 2.85
