     98.8000     23.8000      2.8898
     99.6000     23.8000      2.9912
    100.4000     23.8000      2.9678
    101.2000     23.8000      3.0868
    106.0000     23.8000      3.0263
     98.8000     24.6000      2.8829
     99.6000     24.6000      2.7986
    100.4000     24.6000      2.9466
    101.2000     24.6000      2.9623
    102.0000     24.6000      3.1190
    102.8000     24.6000      2.9238
    103.6000     24.6000      2.8670
    104.4000     24.6000      3.1202
    105.2000     24.6000      3.0988
    106.0000     24.6000      2.9848
     98.8000     25.4000      3.0552
     99.6000     25.4000      3.0127
    100.4000     25.4000      2.9216
    101.2000     25.4000      2.9384
    102.0000     25.4000      2.9053
    102.8000     25.4000      2.9771
    103.6000     25.4000      3.0841
    104.4000     25.4000      3.0345
    105.2000     25.4000      2.9219
    106.0000     25.4000      3.0263
     98.8000     26.2000      3.1030
     99.6000     26.2000      3.0636
    100.4000     26.2000      3.0806
    101.2000     26.2000      3.1394
    102.0000     26.2000      2.9936
    102.8000     26.2000      3.0431
    103.6000     26.2000      3.2446
    104.4000     26.2000      3.0363
    105.2000     26.2000      2.8421
    106.0000     26.2000      2.8051
     98.8000     27.0000      3.0201
     99.6000     27.0000      3.0771
    100.4000     27.0000      2.9510
    101.2000     27.0000      2.9666
    102.0000     27.0000      3.1358
    102.8000     27.0000      3.2846
    103.6000     27.0000      3.1884
    104.4000     27.0000      3.1296
    105.2000     27.0000      3.0697
    106.0000     27.0000      3.1392
     98.8000     27.8000      3.0279
     99.6000     27.8000      2.9656
    100.4000     27.8000      2.7754
    101.2000     27.8000      2.8108
    102.0000     27.8000      3.0205
    102.8000     27.8000      3.1195
    103.6000     27.8000      3.1378
    104.4000     27.8000      3.1170
    105.2000     27.8000      3.0792
    106.0000     27.8000      3.1048
     98.8000     28.6000      3.0825
     99.6000     28.6000      2.9409
    100.4000     28.6000      3.0512
    101.2000     28.6000      3.3621
    102.0000     28.6000      3.0968
    102.8000     28.6000      2.9299
    103.6000     28.6000      2.8598
    104.4000     28.6000      2.8232
    105.2000     28.6000      2.7140
    106.0000     28.6000      2.6809
     98.8000     29.4000      2.9744
     99.6000     29.4000      2.9643
    100.4000     29.4000      3.0160
    101.2000     29.4000      3.1083
