  1   1   23.262034  106.552764  0.073733
  2   2   23.793857  106.552764  0.240335
  3   3   24.327696  106.552764  0.287739
  4   4   24.863591  106.552764  0.301258
  5   5   25.401586  106.552764  0.307592
  6   6   25.941724  106.552764  0.351193
  7   7   26.484046  106.552764  0.342717
  8   8   27.028595  106.552764  0.343167
  9   9   27.575415  106.552764  0.401529
 10  10   28.124546  106.552764  0.424361
 11  11   28.676033  106.552764  0.333464
 12  12   29.229917  106.552764  0.087805
 13  13   23.317461  106.030557  0.310290
 14  14   23.850250  106.030557  0.465029
 15  15   24.385037  106.030557  0.510354
 16  16   24.921865  106.030557  0.519996
 17  17   25.460776  106.030557  0.551765
 18  18   26.001812  106.030557  0.606411
 19  19   26.545014  106.030557  0.614432
 20  20   27.090426  106.030557  0.662345
 21  21   27.638088  106.030557  0.696148
 22  22   28.188043  106.030557  0.682514
 23  23   28.740333  106.030557  0.601073
 24  24   29.295000  106.030557  0.129748
 25  25   23.370992  105.509552  0.353575
 26  26   23.904710  105.509552  0.481328
 27  27   24.440412  105.509552  0.594211
 28  28   24.978139  105.509552  0.627641
 29  29   25.517932  105.509552  0.679516
 30  30   26.059833  105.509552  0.703714
 31  31   26.603883  105.509552  0.716534
 32  32   27.150125  105.509552  0.729381
 33  33   27.698598  105.509552  0.734305
 34  34   28.249346  105.509552  0.692290
 35  35   28.802409  105.509552  0.575528
 36  36   29.357830  105.509552  0.080383
 37  37   23.422642  104.989714  0.362091
 38  38   23.957256  104.989714  0.579228
 39  39   24.493838  104.989714  0.674703
 40  40   25.032430  104.989714  0.715499
 41  41   25.573072  104.989714  0.744575
 42  42   26.115805  104.989714  0.766539
 43  43   26.660672  104.989714  0.763970
 44  44   27.207711  104.989714  0.757054
 45  45   27.756966  104.989714  0.748792
 46  46   28.308475  104.989714  0.669538
 47  47   28.862282  104.989714  0.429922
 48  48   29.418426  104.989714  0.022989
 49  49   23.472426  104.471004  0.449443
 50  50   24.007902  104.471004  0.666709
 51  51   24.545331  104.471004  0.739706
 52  52   25.084754  104.471004  0.784585
 53  53   25.626213  104.471004  0.795977
 54  54   26.169747  104.471004  0.805225
 55  55   26.715397  104.471004  0.793703
 56  56   27.263204  104.471004  0.771999
 57  57   27.813208  104.471004  0.712739
 58  58   28.365450  104.471004  0.577455
 59  59   28.919971  104.471004  0.241816
 60  60   29.476810  104.471004  0.008540
 61  61   23.520359  103.953384  0.492892
 62  62   24.056663  103.953384  0.727230
 63  63   24.594906  103.953384  0.785452
 64  64   25.135128  103.953384  0.811351
 65  65   25.677371  103.953384  0.822035
 66  66   26.221674  103.953384  0.817800
 67  67   26.768077  103.953384  0.801591
 68  68   27.316621  103.953384  0.769532
 69  69   27.867345  103.953384  0.665806
 70  70   28.420290  103.953384  0.399263
 71  71   28.975495  103.953384  0.144125
 72  72   29.533002  103.953384  0.003487
 73  73   23.566455  103.436819  0.554242
 74  74   24.103553  103.436819  0.760288
 75  75   24.642577  103.436819  0.799858
 76  76   25.183567  103.436819  0.820696
 77  77   25.726562  103.436819  0.824785
 78  78   26.271603  103.436819  0.815976
 79  79   26.818728  103.436819  0.793124
 80  80   27.367978  103.436819  0.753601
 81  81   27.919393  103.436819  0.625885
 82  82   28.473011  103.436819  0.280308
 83  83   29.028874  103.436819  0.116234
 84  84   29.587019  103.436819  0.001024
 85  85   23.610728  102.921268  0.582252
 86  86   24.148588  102.921268  0.775015
 87  87   24.688361  102.921268  0.804421
 88  88   25.230086  102.921268  0.817649
 89  89   25.773802  102.921268  0.813162
 90  90   26.319549  102.921268  0.795330
 91  91   26.867366  102.921268  0.753954
 92  92   27.417293  102.921268  0.667197
 93  93   27.969369  102.921268  0.437576
 94  94   28.523633  102.921268  0.240191
 95  95   29.080124  102.921268  0.100472
 96  96   29.638881  102.921268  0.000075
 97  97   23.653191  102.406696  0.577004
 98  98   24.191780  102.406696  0.773017
 99  99   24.732270  102.406696  0.799040
100 100   25.274698  102.406696  0.807122
101 101   25.819105  102.406696  0.791847
102 102   26.365528  102.406696  0.748423
103 103   26.914008  102.406696  0.691727
104 104   27.464582  102.406696  0.580925
105 105   28.017290  102.406696  0.399703
106 106   28.572171  102.406696  0.254112
107 107   29.129263  102.406696  0.083442
108 108   29.688606  102.406696  0.000000
109 109   23.693856  101.893063  0.577384
110 110   24.233143  101.893063  0.780663
111 111   24.774317  101.893063  0.803648
112 112   25.317418  101.893063  0.803161
113 113   25.862485  101.893063  0.774463
114 114   26.409554  101.893063  0.740678
115 115   26.958667  101.893063  0.691397
116 116   27.509860  101.893063  0.604691
117 117   28.063172  101.893063  0.512298
118 118   28.618642  101.893063  0.316381
119 119   29.176308  101.893063  0.071167
120 120   29.736209  101.893063  0.000000
121 121   23.732735  101.380333  0.566114
122 122   24.272688  101.380333  0.770977
123 123   24.814517  101.380333  0.800080
124 124   25.358260  101.380333  0.798801
125 125   25.903955  101.380333  0.790072
126 126   26.451642  101.380333  0.752591
127 127   27.001358  101.380333  0.717541
128 128   27.553141  101.380333  0.657989
129 129   28.107029  101.380333  0.534367
130 130   28.663061  101.380333  0.245684
131 131   29.221275  101.380333  0.063692
132 132   23.231079  100.868468  0.174728
133 133   23.769840  100.868468  0.653299
134 134   24.310428  100.868468  0.765599
135 135   24.852880  100.868468  0.787078
136 136   25.397234  100.868468  0.809899
137 137   25.943530  100.868468  0.785367
138 138   26.491804  100.868468  0.763520
139 139   27.042094  100.868468  0.724410
140 140   27.594439  100.868468  0.672788
141 141   28.148876  100.868468  0.523704
142 142   28.705443  100.868468  0.286994
143 143   29.264177  100.868468  0.065794
144 144   23.265808  100.357428  0.446748
145 145   23.805183  100.357428  0.676331
146 146   24.346374  100.357428  0.731060
147 147   24.889419  100.357428  0.776997
148 148   25.434355  100.357428  0.786785
149 149   25.981220  100.357428  0.776128
150 150   26.530053  100.357428  0.744448
151 151   27.080890  100.357428  0.716128
152 152   27.633769  100.357428  0.641366
153 153   28.188727  100.357428  0.547965
154 154   28.745802  100.357428  0.421390
155 155   29.305031  100.357428  0.044473
156 156   23.298815   99.847177  0.315299
157 157   23.838773   99.847177  0.629957
158 158   24.380537   99.847177  0.684647
159 159   24.924144   99.847177  0.747564
160 160   25.469633   99.847177  0.753734
161 161   26.017039   99.847177  0.723548
162 162   26.566401   99.847177  0.718547
163 163   27.117757   99.847177  0.680490
164 164   27.671142   99.847177  0.600626
165 165   28.226595   99.847177  0.558960
166 166   28.784152   99.847177  0.355448
167 167   29.343850   99.847177  0.031313
168 168   23.330112   99.337677  0.218320
169 169   23.870622   99.337677  0.494457
170 170   24.412928   99.337677  0.598620
171 171   24.957068   99.337677  0.669224
172 172   25.503079   99.337677  0.685175
173 173   26.050997   99.337677  0.630819
174 174   26.600861   99.337677  0.640765
175 175   27.152707   99.337677  0.621853
176 176   27.706571   99.337677  0.561241
177 177   28.262492   99.337677  0.557880
178 178   28.820505   99.337677  0.457133
179 179   29.380647   99.337677  0.012578
180 180   23.359707   98.828888  0.090528
181 181   23.900738   98.828888  0.307556
182 182   24.443556   98.828888  0.538675
183 183   24.988199   98.828888  0.636970
184 184   25.534703   98.828888  0.569469
185 185   26.083105   98.828888  0.396422
186 186   26.633442   98.828888  0.380190
187 187   27.185751   98.828888  0.375489
188 188   27.740068   98.828888  0.435379
189 189   28.296430   98.828888  0.388579
190 190   28.854874   98.828888  0.321530
191 191   29.415435   98.828888  0.006681
192 192   23.387608   98.320774  0.010035
193 193   23.929130   98.320774  0.113595
194 194   24.472431   98.320774  0.279533
195 195   25.017548   98.320774  0.289872
196 196   25.564516   98.320774  0.193237
197 197   26.113374   98.320774  0.131695
198 198   26.664156   98.320774  0.110018
199 199   27.216901   98.320774  0.099761
200 200   27.771644   98.320774  0.124453
201 201   28.328421   98.320774  0.029780
202 202   28.887269   98.320774  0.014546
203 203   29.448225   98.320774  0.000000
