-4.75193375917
-5.40500927003
-3.65333662496
-4.30327491884
-6.64329071775
-5.50666037482
-3.61615022747
-7.0726604751
-7.59378796996
-5.40990928231
-4.02794438209
-4.00250230577
-4.50181078178
-5.42409043324
6.22990127993
-4.44266240216
-6.17819033517
-3.29183408777
-4.38125613432
-4.29099814468
-7.11729193278
-4.40774407502
-4.94828206019
-6.69417160306
-4.63470608727
2.10880010015
-5.93270512207
-5.15733680539
-4.46598220584
-1.54141013459
-6.01477476719
-5.03922872332
-3.50467326259
-6.37760015266
-5.26062695428
-5.91963143742
-6.55445365021
-6.55174426697
-4.45410514263
-6.94573016085
-3.63846313908
-6.46057766428
-6.0085005588
-5.01368055438
-0.494916680278
-5.9631842153
-5.15284428307
-5.93368294473
-5.95455169034
-5.15132769891
-4.24325153955
-4.21316351039
-4.34473729904
-5.08425230987
-5.37231061376
-7.25952750638
-4.82127515399
-5.10705511028
-7.97581178988
-5.08631734524
-2.95844301216
-4.46828862013
-5.17235693969
-6.47123489068
-6.48050176303
-2.91938369638
-3.15593855825
-6.86677637022
-4.03230835621
-4.46205458639
5.17652467807
-5.38824989846
-4.0807920705
-3.11791651536
-4.11380580741
-5.21692635338
-5.24734399307
-5.75776512579
-5.25070082154
-6.16021724537
-4.58238358745
-3.66202332676
-5.84351404669
-6.81141522213
-3.22719591657
-7.62869645711
-6.47529475755
-0.287338001237
-4.41992779815
-4.53956595394
-4.9449847474
-3.5625300013
-5.30073013245
-5.93061604403
-5.36254108448
-5.28845816449
2.5257386504
-2.77652513238
-5.62680471823
-6.49474860164
-4.95742303486
-3.77724030662
-7.21208971502
-3.48077918762
-5.56842534196
-2.55244432896
3.134222172
-2.03872132393
-4.26467711041
-3.96948804628
-3.29310148408
-3.3782451706
-3.75949191129
-4.50547218354
-6.81039576252
-6.24432191033
-8.49223563882
-5.95955793114
4.69653174036
-5.08262151748
-1.74384822941
-4.66227756198
-3.97655799935
-6.36503063106
-4.5520428081
-3.57652627859
-7.63786801568
-4.84702538236
-6.15383513053
-9.36336302951
-6.49626942046
-4.03221757939
-4.93055011275
-6.21385316506
-2.34827679892
-4.7409435498
-4.97910889418
-5.00789897305
-6.26336219478
-4.69325417584
-4.96773098461
-5.35637195647
-4.92871342079
-7.92131692209
-5.83590484216
-3.33880135607
-5.15838012474
-5.34848799159
-6.83017309243
-7.95761316836
-6.99196149528
-5.87817093391
-6.79733742518
-4.61148238306
-8.29806498909
-3.98404829195
-5.49983893914
-5.99913440318
-1.82921621742
-5.199938429
-5.49024130468
-3.78702949833
-5.67415038723
-5.70667297354
-8.30420295195
-3.0336341545
-5.05869648243
-3.44204621305
-7.01947591323
-6.65110614589
-4.33404022157
-4.68030388469
-3.7839609099
-1.22794861214
-6.3129934837
-3.73377987559
-6.80199225173
-5.86385607242
-4.44947505423
-5.24423471482
-5.2460729057
-5.35114170107
-3.83892835463
-5.41937233743
-5.98339719683
-4.43708874919
-3.3044245824
-4.28089642716
-3.41553072273
-5.1271458679
-3.16705950754
-5.23680326458
-1.93775582434
-5.52561232701
-5.49708775558
-4.23194505114
-5.44608594047
-5.21747006005
-5.45271391551
-3.03753105993
-7.15629245579
-6.84120885106
-7.55738661643
-7.68504669781
-4.16091013039
-3.11563113354
-4.94527359038
-6.35423476924
-6.21771802954