-4.36117796966
-1.76105527134
-4.40986362968
-3.06715936047
-4.92702709735
-3.16563595979
-0.809643900336
-2.55129993385
-3.16952522523
-2.78391301051
-3.14589891981
-4.37110957841
-2.25063448325
-2.99590116574
-3.55793869658
-2.59965163709
-1.46377088996
-3.3427384373
-2.55868217566
-2.91935518997
-2.3000920811
-5.55817716581
-5.49700076785
-5.34405915373
-4.08415044401
-3.368070606
-2.0657823023
-5.72256030842
-4.34889284638
-3.84256257387
-1.77313295942
-4.30311607542
-3.29090681262
-3.39468805938
-4.99757657013
-2.58673055382
-4.42406683641
-3.15484497514
-3.81441854859
-1.9852781086
-3.05711196385
-1.54580602823
-3.43728159381
-2.92658741664
-4.726677756
-5.06155449526
-4.0352918721
-2.7233892674
-2.7215053146
-5.2484617314
-4.60726813053
-1.77284958184
-4.16724141138
-4.32592272871
-1.52949263716
-4.45188972099
-0.447405737639
-4.88830707096
-3.75663150609
-2.44949621967
-3.05180757398
-3.5891080645
-1.62270403831
-2.73464744399
-4.00356542804
-5.1845925447
-0.692565795942
-2.75938166301
-2.56439089891
-3.37043794572
-2.50449401101
-5.41129617007
3.30623458497
-2.30886826647
-4.13894083681
-1.32452029572
-2.2269402583
-1.72971876214
-6.30951251536
-1.36800372212
-4.12062216098
-6.31209410272
-5.08625559331
-4.81857579307
-5.67236110582
-3.60579088618
-3.30060396997
-0.883686393003
-0.780238567673
0.488328241687
-3.47374703212
-4.33765379331
-3.78038545218
-2.0393217685
-0.860934991174
-2.39908821532
-2.15498458896
-3.36046790972
-3.29617946328
-3.68988873979
-5.02814420392
-4.39168778901
-4.36891480284
-1.26693935607
-3.60029045174
-1.97713364431
3.14208876008
-2.72079284635
-3.11744757738
-3.0846093918
-1.79016955401
-4.54295910437
0.0754294883075
-3.73499070215
-3.45722996499
-2.23476893261
-4.57934892955
-2.02291700424
-2.87365507529
-3.80654926522
-2.0000200824
-3.09131475956
-3.44920041529
-2.67487864179
-2.9773902247
-2.39351264647
-1.68762952234
-3.43709522485
-4.27034147219
-5.04156244762
-1.77992631786
-4.63561569738
6.0332829475
-2.03393363674
-1.11737814021
-2.82507463964
-3.95107907918
-1.06488433956
-2.73867525897
-2.19804752391
-2.85205981643
-2.54718655471
-2.68291627555
-1.89929774115
-2.99915390684
-4.07542434073
-2.71578012937
-5.49516731764
-3.88568639564
-5.06566297111
-5.58473618149
-3.86686655903
-5.97116550561
-2.33228964588
-4.69448620409
-2.94142010149
-1.874805983
-1.13318826352
-5.05677622726
-3.8901323984
-2.621565516
-2.79606981508
-3.43887998107
-2.95741970037
-3.89334454246
-5.29839411821
-5.26166620973
-6.21696099317
-3.73777529696
-4.85723464668
-3.75620969077
-4.13625350084
-0.989135210428
-4.95218738731
-3.32938228298
-3.42056488705
-1.8130853191
-0.543672570552
-4.73901499783
-1.99712990478
-3.84429427792
-2.72671126761
-2.77431359465
-1.57220248463
-4.43181479351
-5.07068921879
-0.0282902226662
-3.04034119537
-3.66656074283
-5.68387701504
-1.33744455742
-1.38574614756
-2.7331435312
-5.21477018084
-0.361975463221
-1.11878260703
-0.247012418147
-3.4260380871
-3.97686285134
-4.73911505369
-2.72266846439
-1.45637570249
-5.65834112298
-4.16664981891
-3.53240689681
-2.45732720061
-2.17746633283
-3.02375630725
-4.4922560335
-3.54308415439
-4.52434681834
-2.73208942668
-3.55162923872
-3.71399046705
-4.32340771786
-0.734659379564
-3.86381443972
-2.25575753083
-4.5001267302
-4.3282586684
-2.4557967271
-4.23241268955
-3.82902419712
-3.64698417602
-0.629329294483
-1.6182720976
-3.31967826315
-2.21791136794
-5.19995638383
-4.46319197227
-4.06766129447
-4.63070508468
-2.45752744459
-1.40739706816
-0.28217801101
-2.54376385607
-0.458386837984
-3.65300055622
-3.25737553165
-3.17276143644
-3.3153623638
-0.00252323369532
-1.30412489871
-1.52502438583
-5.60461488099
-2.51349498017
-1.12306383492
-0.833438529268
-1.82339701649
-5.41254462865
-3.5847654702
-2.31051441151
-2.06261105185
-2.05716266798
-0.979794938774
-2.71424749017
-2.63641157637
-4.26377584187
-1.84437329573
-3.30720463945
-3.43011479767
-3.06164765379
-3.85383684539
-2.25070351058
-1.58403152238
-3.97255257923
-6.59069294259
-3.20704769239
-1.87797245936
-4.08675567977
-4.296274419
-3.41897645866
-1.20362743575
-2.67661043382
-5.85042060108
-2.37281193144
-5.06228109067
-4.61971604435
-3.0078916898
-3.03807741247
-3.80331612168
-4.12772206634
-3.859023469
-4.21421472614
-1.47917920384
-1.1701222909
-2.83077699817
-1.98122493264
-1.29166011928
-3.45497602882
-3.97310240178
-4.16253712881
-1.78800468405
-3.02821413278
-5.53881627824
-4.10295762664
-2.72159662045
-3.35815048508
-1.67728197606
3.77224702313
-3.5234302901
-3.36469247302
-1.91099732998
-4.65673474596
-4.7675178745
-0.284502076727
-4.10985437395
-1.11280182838
-1.2986519994
-3.62308038422
-1.25765663378
-1.64257825438
-2.64685565163
-1.3793264353
-1.60780608069
-2.9376968699
-1.08612380945
-2.7846151729
-4.96231058723
-5.57449773132
-0.382328539639
-4.26166884298
-0.773753706222
4.53485061603
-4.20733757704
-1.69195693641
-0.955719046155
-4.07153430959
-1.62155466658
-5.16181210687
-4.79261600646
-1.31064613691
3.86320892701
-4.87652386919
-2.87527028394
-3.80860239195
-2.65022718276
0.562503975219
-4.54332396639
-4.08215048585
-3.63676369998
5.35497625132
-2.32090392122
-3.80468783016
-5.30437946183
-2.08550969323
-1.77636394712
-3.33064435243
-0.984744905358
-3.4788978166
-1.72674962578
-3.09738910874
-5.33817251047
-1.77023225487
-2.28131293062
-2.06117305672
-0.863343716335
-4.86368798641
-3.38291561653
-1.77920267686
-0.998627660826
-4.59697838466
-3.56034746543
-0.756634535132
-1.33508639347
-4.07444661122
0.429775807263
-3.36658276716
-1.20831935326
-3.3106466265
-2.0150473472
-2.19151526703
-3.61441616104
-5.18000977172
-5.72023058819
-5.70748079377
-2.12451137587
-4.94824053502
-4.90664069584
-2.41168237351
-2.87647363659
-2.32048481525
-5.56793736485
-3.45596068243
-3.03937905477
-3.53980733622
-5.43042209594
-2.9376367419
-4.41262348552
0.944208458265
-4.32012341802
-3.24192528179
-4.79435640534
-1.90141342378
-1.55260761681
-2.97795178013
-2.26684470134
-0.495233730206
-5.21104494573
-3.16384581324
-4.73319641587
-1.07062706718
-2.11347908816
-0.956975020891
4.23114517429
-2.3857802519
0.320822533377
-3.86097761021
-5.02323612715
-2.59475770817
-0.205218419228
-1.81294171676
-3.403015007
-3.83266684398
-0.492192896646
-2.58847084157
-5.07613456448
0.30431021733
-3.85475442436
-4.64160243319
-3.69269844815
-1.20700584308
-2.72405411734
-1.81377932409
-5.25259278289
-3.19272417304
0.756461006018
4.04613592781
-2.05035198814
-4.61105733206
-2.27838123775
-1.47535549126
-1.85657531709
-3.62151080829
-0.027067503064
-1.87930670431
-1.45774695203
2.54724893617
-2.47631468245
-3.91054382405
-4.21390826623
-3.86361819586
-3.95110119072
-3.30563783071
-0.369621631255
0.876699873473
-4.41016593678
-3.04271031567
-2.06563369216
-0.107186803895
-6.01234512819
-4.88524748304
-3.81770315554
-3.13849098513
-1.84962176219
-4.69661226787
-0.283866076849
-3.69975910169
-2.38126283062
-2.59568610484
-3.87219814717
-1.32145208755
-1.61355289563
-1.56007703252
-3.33887535354
-4.09463557796
-2.3427386416
-1.51123406298
-1.4182153685
-2.54688101707
-2.54744205109
-3.28619218072
-2.67651756497
-3.06332009867
-3.61120884476
-4.95198237828
-1.65513544944
-2.3083976922
-1.88090396098
-3.33674399309
-2.98688272388
-2.05194596103
-4.67202148378
-3.53542628796
-3.41065954098
-4.15087932664
-3.28740008943
-3.32462469274
-2.19191017418
-0.538623214361
-4.39630524687
-5.30020427239
-4.99362582603
-4.71916155982
-3.56658803944
-1.83668965272
-2.56341148534
-1.03691873807
-5.81897837803
-4.10386583984
-2.68210747762
-3.59764512727
-4.0096434136
-2.85475282543
-2.92203642162
-0.0829815079863
-5.97727526183
-4.00499151167
-4.52818557097
0.701577381516
-3.73907657586
-4.76075845586
-2.04875797639
-1.65233064902
-2.32561214607
-2.26731357282
-2.77461007037
-2.58580110416
-1.92016698723
-2.17374307371
-0.50592195468
-2.18129721796
-0.859505585533
-0.156264934519
-0.546444560395
-2.30340029968
-2.16445675425
-4.87049961608
-3.49254687353
-2.32262169878
-5.06559328427
-1.10577137624
-4.24860034584
-3.43754241346
-5.32897598168
-2.3075491862
-4.08883791354
-5.39327805291
-3.92254148872
-3.70456059191
-4.96062413045
-2.01431414785
-2.98549980607
-6.08259747817
-3.1275096269
-1.2804118434
-6.00636302105
-1.68460886962
-3.28717102346
-3.72986633799
-2.13184393771
-1.90197273861
-4.29759581013
-2.42065544702
-1.88556015708
-0.650099265252
-2.69068586062
5.74901670754
-2.62241934854
-1.65960798001
-2.29925693545
-2.64049487168
-4.88595872105
-3.02738086037
-3.53681603613
-1.43103794637
-2.92548687241
-3.94777421231
-3.07968833624
-2.83358222229
-2.41452320449
-5.06002806961
-1.83750036797
-3.04022305321
-3.57055363807
-2.09751207914
-4.23276570169
-5.19275725508
-2.66480511017
-1.64048570011
-2.88659661371
-4.56587689587
-2.88826505004
1.10041702504
-1.99985454849
-3.97120649873
-2.11374567348
-0.994658624799
-1.02810681183
-5.9735286819
-1.31961994195
-2.45377031703
-2.80166324697
-0.72944297461
-2.22712150131
-4.21637208438
-3.72064778822
-2.26742198508
-2.63825778259
-5.11412064659
-5.79111547323
-1.35153929453
-1.72927931961
-2.87193706
-3.30918382405
-2.30000283852
-1.12212971727
-0.695266007586
-2.47143542285
-4.24927902121
-5.76306760431
-1.31331246893
-2.58630858705
-1.98958675498
-2.66382408785
-7.06180566317
-5.08221634007
-5.29338077118
0.0103970482974
-3.64788332565
-4.51806860607
-4.66394422771
-5.93691602579
-4.63767158261
-5.51562877313
-5.64805719693
-3.10705245696
-3.75418512492
-3.55559506521
-5.40691101184
-4.43045427316
-3.55527668189
-1.69974216032
-2.91579263344
-2.63852255651
-2.39165986255
-1.54228020551
-2.69267406619
-3.6578732024
-2.18670471381
-2.37293520315
-1.04415074571
-5.82818499197
-1.91767828269
-4.42264095682
-3.03119469714
-5.19625513609
-4.78497125704
-4.07143374579
-4.03288280175
-2.80064580231
-3.90033282807
-5.16464461873
-0.853854197678
-2.73987990518
-3.57557892885
-4.03838640992
-4.32986542303
-0.563762166872
-1.28937524531
-2.74083267199
-3.87107704697
-3.3198059742
-3.99735959508
-3.02447353797
-3.35910077779
-5.33234225715
-2.0467692249
-3.35342995268
-1.6145251264
-0.340938786511
-1.20703791896
-3.45194357885
-4.622093792
-3.14329705033
-1.24385724472
-3.12969297137
-5.3953402302
-3.88402522714
-2.27549354479
-4.67362194619
-3.80710383338
-3.92565494678
-4.91930935545
-2.73947020874
-2.95488466051
-5.82187129289
-4.72478180519
-5.76358315792
-5.48736167913
-1.361305254
-4.69432818883
-3.08970567376
-2.17204440035
-2.78283727346
-4.57641978289
-3.82051651718
-4.74649739063
-3.26610062518
-2.4763316081
-1.89545504011
-2.53764803913
-5.44944615776
-2.28861085592
-5.11700386195
-4.00552151141
-3.3035661085
-4.89311689588
-1.23982338044
-6.11647128547
-1.22450351587
-0.687253384292
-5.89880300021
-5.36928184949
-2.94751356495
-3.02003823391
-3.34839839969
-4.00117429075
-3.76643253451
-3.53296556394
-4.2541728993
-1.87198679518
-1.8553852629
-3.88523729378
-3.27755266979
-4.85088674904
-4.32891722484
-3.06493572448
-3.49349333987
-1.14588245587
-4.82653481437
1.9862501854
-3.78458578043
-2.23976811606
-3.8371033887
-2.92213234761
-1.85143687822
3.65988855132
-4.2971990221
-3.34320889108
-4.09675380421
-3.84678795046
-5.14161530301
-0.0888373065539
-1.63534833909
-2.80814818935
-2.67255495208
-0.400142679793
-1.95553190443
-2.00362953041
-1.57408523625
-2.66691772831
-5.59677905449
-4.37111649002
-2.17236256166
-1.5448193946
-4.85667277968
-1.56533124361
-1.74537239893
-2.83812493339
-4.89405592579
-4.20070221074
-2.97292153199
-3.86094182149
-3.71643144642
-3.41012520051
-2.37970814778
-1.54147195341
-0.312492932314
-1.99020426822
-4.62285404768
-3.09375021714
-4.29733096791
-2.24472872017
-2.35663851623
-4.12013177317
-2.90373267713
-1.89336653634
-2.49260586086
-1.11110015453
-2.0128478505
-4.93890140316
2.59083648742
-2.03326419314
-5.15338851839
-3.53513497913
-6.02866094354
-0.695242710699
-2.68140452411
-2.27944910455
-3.91159041734
-3.47563164259
-5.42942421348
-2.67675061897
-0.916255347539
-1.23081620336
-4.15153139361
-3.90642849378
-5.48793748919
-1.59826296932
-3.77041813359
-5.7111642922
-4.91323499518
-1.70520761611
-0.368032072813
-2.74678342192
-4.93929768819
-1.99969197836
-3.26120283783
-1.22780458109
-3.46058685602
-2.2658390994
-4.00138741875
-4.39319027999
-3.38850443717
-4.95121509282
-3.86720148545
-2.63746182027
-2.55909233279
-2.18865710729
-2.18560071707
-2.26025126218
-4.02291596072
-3.54093695443
-5.5068531739
-4.24555754427
-2.1331038807
-5.61043980504
-1.11986888741
-0.235255521594
-4.04116103014
-1.88677408452
-2.33271602109
-4.57914900843
-1.53369314682
-1.9750226643
-1.83902587156
-2.96740528329
-1.0808652017
-4.83101774788
-2.07793315259
-6.7108586642
-3.77287922438
-1.37447929233
-3.30401185958
-3.18524390021
0.217448546602
-1.15472978265
-4.10364006317
-1.89726970151
-0.455025074258
-1.61378291487
-2.25331069127
-3.57247837488
-2.07657650082
-5.59900302615
-1.9938374767
-3.59954241495
-4.4035292418
-5.07064280696
-4.30626242135
-0.702147343963
-4.00753287622
-2.5761503949
-2.97213334628
-1.68506164392
-3.71381120147
-0.0147359051081
0.707691510478
-4.5349992691
-3.3423560974
-1.55218974408
-1.68884118083
-3.68412903615
-1.25351436321
-4.27953099312
-2.33870207125
-0.311018784189
-1.87079600388
-5.04673082771
-0.982634721027
-2.56944740453
-3.41671561664
-2.25868047473
0.829194140039
-3.37398588246
-3.77503638553
-2.71180033027
-2.18511128537
-1.65993007617
-0.445540251015
-4.63159401436
-3.3236432096
-2.66782855364
-4.45348206154
0.751015392259
-6.51549677388
-3.71868359531
4.32053345197
-4.77965495675
-1.53356096457
-2.01948199381
-1.35191376651
-2.09251330477
-1.27788783559
-1.79020765046
-1.8884087241
-5.07284336664
-1.83994505509
-0.697576262466
-4.35195582154
-0.184651172564
-3.48926005195
1.86392149261
-5.05941687913
-2.46310781168
-2.80587392514
-1.42383904158
-2.30241999153
-0.281861180969
-0.722268288715
-2.84472956908
-3.71318970547
-5.33862927718
-2.34581643979
-2.57078245489
-1.37715175645
-3.95110713881
-4.02559967426
-3.73058070399
-2.62995991226
-3.38626302717
-1.83829540596
-6.07248085879
-1.23478022779
-1.67890590953
-3.44387824826
-2.67879522544
-2.01536198041
-3.28038393193
-5.91372775686
-0.954099161248
-3.22203371019
-1.64352402278
-2.57802190779
-4.59956235072
-1.49413040443
-4.75367395311
-4.38426745427
-2.17694240223
-5.65278454025
-3.19415916307
-3.89124336371
1.4299263786
-4.04994673218
-4.90534707469
-1.57203183751
3.89703691272
-4.60453521623
-2.40406335734
-3.23125635241
-2.498712137
-6.04285654441
-0.736591693822
-1.66647880659
-0.974593794199
-1.69299051689
-3.24365400255
-5.5541702231
-0.307597425606
-5.29479674127
-2.45542100848
-2.6785153028
-0.368759924231
-2.5455093052
-2.88586252362
-2.80275235208
-4.19692625905
-2.11738250325
-3.06058296278
-3.62525749472
-1.97795280096
-4.11284873484
0.985294194716
-4.51957651999
-0.521014682381
-2.04436234011
-6.2652649691
-6.31776918821
-1.78289698503
-4.920432674
-1.57943434551
-4.73384077589
-2.85876736836
-3.92148585465
-4.24847216474
-4.02495962961
-2.5526530539
-3.08508333281
-4.6658810213
-1.30813244709
-2.99143345531
-1.72910631741
-4.73951628362
-2.88854652235
-1.85938741892
-5.90562359742
-2.88542036095
-3.07872969581
-3.11116416828
-4.68934295244
-2.71927593218
-3.82571737182
-3.22191287505
-3.26285411096
-2.93040009705
-3.21664250488
-4.2444527953
-1.72985791551
-4.86981972819
-3.56757729599
-0.692918536365
-2.4755155238
-5.90282568884
-2.6278089714
-3.46568482998
-2.21103703142
-4.32897215447
-2.14348625232
-4.97194916931
-2.25657920775
-6.21804844162
-1.3970445149
-0.98345543398
-2.80981814168
-2.16822286564
-3.07146732311
-4.30472394839
-4.17747076647
-3.44740314113
-2.93650607146
-1.69227155686
-3.41896715076
-1.44723652999
-2.11152977071
-1.81138387657
-4.10591639074
-2.66935455675
-5.58900734807
-2.90925945381
-3.81914267986
-0.9669692412
-0.374660744689
-4.19793989713
-2.44706914737
-3.53325089925
-3.40702476623
-4.75735094726
-1.99434973205
-3.80787282042
-2.89487288394
-4.84880868568
-1.49577334248
-1.86751572124
-0.463727521091
-2.68550611289
4.67574444715
-3.29117163443
-0.972529819643
-1.6800759269
-5.45800754947
-5.38310278618
-1.53924227149
-1.16812956338
-3.42200720725
-6.05053577634
-4.53928956684
0.288598773077
-3.55124472376
-4.2333901903
-4.48131887871
-4.64212081816
-3.95209305269
-4.08549370265
-4.85257195035
-0.603857251311
-3.6485000522
-3.39757169468
-0.966871629842
-4.42293797904
-4.79988910006
-3.35055835065
-4.11876153917
-1.79561814006
-1.92631980792
-3.41158062884
-2.1309455829
-2.52413353532
-1.98760595742
-4.59786594572
-3.60761746014
0.887832524674
-4.01526319746
-1.26747547506
-3.63119058884
-5.03706986269
-3.09289201701
-2.32583756691
-1.24321319276
-3.54348644951
-3.75582521824
-3.52984139209
-3.17753896664
-5.11837876899
-0.795299893625
-1.47054592649
-2.13220691393
-2.18906868435
-1.90266157207
-3.94531855946
-3.37247120871
-2.48162330292
-3.52125094622
-1.89788899226
-5.33647315333
-3.4152459622
-2.1617110031
-1.19465711618
-1.91725350577
-4.36748900046
-2.23958938762
-3.50390927183
-3.20476971204
-3.00232554727
-4.83344191125
-5.01048780207
-2.78194399688
-2.16511666483
-1.3525700194
-2.31863776305
-4.73041917194
-5.78303701855
-3.0361441828
-0.538451718275
-3.76482731069
-2.83187931116
-3.60376188695
-1.3584102639
-2.92010226701
-1.71621604022
-2.8226514789
-0.303746106853
-4.15746172607
-1.2197461768
-0.738306474727
-3.48610471958
-2.88211346977
-3.56163158613
-2.06396545749
-1.98872265795
-0.865389965012
-5.08647876033
-2.46982800237
-2.32805160803
-2.70723947159
1.81932616993
-2.0125838948
-3.07727709752
-4.07118093662
-4.6744613644
-3.7804573679
-1.77946714655
-5.04186488039
-1.68017228335
-3.14943878389
-4.14563977971
-3.37990668508
-1.96770116798
-4.40486825898
-1.79506937064
-3.3250048375
-4.30894597463
-3.12772491382
-3.53774651458
0.970723858623
-4.09281793078
-4.10404498291
-3.27537696296
-2.72375836975
-5.39335665469
-4.58902578133
-2.94219794166
-1.03576667442
-1.6770155879
-3.98466558196
-0.683689625711
-1.51852831575
-4.4301120723
-4.24436697436
-2.63790965867
-2.95556783365
-1.31604734733
-1.77245200295
2.3248718834
-1.78771091876
-4.04121353924
-4.882214494
-2.97129262169
-3.88596472212
-5.40800162897
-3.86033369547
-1.67568575911
-3.29900221863
-3.85598393294
-3.03319348007
-3.53054944687
-4.7077614181
-2.63141382294
-1.95464464034
-1.9000440372
-0.215112173954
-4.44459286768
-4.78959753888
-0.944569546383
-2.70277325328
1.09421059251
-1.25628288538
-2.11443599844
-0.0782330140891
-4.19002419888
-4.52788999884
-0.500358222976
-1.10122165588
-5.54593229814
-0.422019154114
0.259870060549
-1.22909455446
-3.30585710561
-5.14103236561
-5.28961414089
-3.80331395755
-2.15721164162
-3.07876178433
-3.07205194486
-3.79380582759
-2.49985567663
-2.14680281495
-4.48770242521
-3.71348222371
-3.60227980573
-2.15360556781
-4.52621349545
-2.82400089195
-1.37373205179
-2.26005240791
-5.76848847474
-3.52790490889
-4.06589549772
-2.78687221559
-2.84989509073
-4.2097757584
-3.25199280398
-4.28162203236
-3.73684766556
-1.7328676365
-1.77710611293
-4.07202793286
-2.07685074254
4.1695664462
-3.281244669
4.5636521307
-3.53143114683
-4.3486179396
-4.03439428893
-5.38643605905
-1.70455609691
-4.12086685391
-1.68277479869
-3.3002548468
-2.67115663994
-2.46028181304
-2.04245647343
-3.25979217048
-1.31643245477
-3.25236163828
-3.36520110283
-0.586073240366
-3.34483902604
-3.32979524791
-5.07789817923
-4.63116097792
-4.23193804966
-3.79553198244
-1.6949343182
-4.2067009052
-3.51522366871
-3.45676846284
-2.67453690241
-2.76923580162
-6.01708791546
-3.0083189291
-3.14897912003
-2.85256742547
-3.4456140628
-4.99128428077
-0.381246287345
-4.70794103395
-2.70655150369
-1.41058195745
-4.13835767235
-4.76728553314
-2.71381625557
-3.33791761237
-3.27805335117
-3.98667733161
-4.60174340932
-4.01331993211
-2.94932782486
-0.506464523253
-1.68012822252
-1.40610114836
-1.15572747227
-4.1158720747
-2.81388642948
-4.7310669747
-3.83113770207
-2.57815194414
-5.31270172658
-2.86609004307
-2.43327894166
-3.09810190552
-1.38964052638
-3.10517902575
-5.46994649324
0.11026693834
-6.94817197674
-1.25925052195
-5.85557453133
-4.48861802214
-5.56946603956
-4.19840792019
-1.87427386538
-0.80088742424
-1.7291744249
-1.60468475626
0.237149564355
-2.46847786511
-5.48489819886
-2.40211506619
-2.20814767856
-4.05248255257
-6.13677973035
-4.35639410457
-3.68341792991
-1.66053806882
-2.81813290533
-2.6887330204
-0.419545085749
-3.84802601353
-2.1798578127
-1.69955434224
-4.60483286672
-2.61256517031
-0.819203408624
-1.99836662555
-2.83341638597
-2.65066334107
-0.0752353095095
-1.97468662562
-5.82405040894
-4.30921058698
-2.62054543883
-0.673321745905
-2.87323074666
-4.17249952959
-3.63217802801
-3.76217748873
-2.30816386253
-6.25253155303
-3.81906706862
-3.04498968936
-0.421710179409
-1.05732554738
-2.37302123686
-4.60568416558
-4.61352626196
-3.89929545989
-1.92172832834
-4.29610611858
-5.75970572962
-4.82191934341
-4.71685617582
-0.17840415591
-4.90401678829
-4.99727167961
-4.51319439528
-4.01678312603
-3.83737647718
-2.12154441784
-5.07849965183
-2.45693748613
-4.26081888079
-4.66015778657
5.89391487149
-2.97671262551
-4.59197513664
-2.95530777157
-4.26489265344
-4.55246364323
-2.25427629513
-3.4877973754
-0.720416626138
-2.37686243456
-1.94213509851
-3.29674248395
-2.23447645385
-4.88353985031
-1.83395285086
-2.03231736733
-5.82788144125
-3.65951807591
-5.06437355859
-0.511861933779
-2.17785386173
-5.09320445637
-2.11676746963
-4.6560967615
-0.829973985919
-4.75894669974
-1.95297387948
-1.17122760134
-1.034946446
-5.55770705543
-3.48796316418
-5.9985890115
-3.63168524106
-0.934346580516
-2.58989815726
-2.59654813331
-2.29769604957
-4.30835655715
-2.91177765422
-4.30882802387
-1.68992819543
-4.84060067979
-4.31337928696
-4.43138999522
0.787468268939
-0.380607971118
-3.54704422144
-4.31338691104
-3.03099167768
-4.1815350059
-2.36433538012
-2.05011168804
-4.33033415816
-3.42358038244
-2.89267098712
-4.7314220683
-2.64147401054
-3.40581954672
-4.48378061642
-4.0661993943
-4.94137609924
-1.13823042714
-2.36376741161
-3.79820515251
-1.9426297451
-4.49056961705
-1.2831821819
-2.15092529254
-2.2866907957
-4.37997014422
-3.84532769581
-4.8452852356
-2.40770402294
-3.58644467211
-2.75708211217
-2.58729109352
-4.54426269479
-2.29376073096
-2.74661954191
-2.2034408764
-0.772340255932
-3.0812657436
1.14647907303
-3.18013718742
-3.836766072
-2.4226015506
-3.94842957493
-3.96741815166
-2.23605486737
-2.03852057913
-0.695134451435
-3.91058302305
-3.83487652994
1.55280786916
-1.32722049442
-5.14346783381
-2.98118580322
-0.819417524044
-2.59503261361
-4.20624425246
-4.51335112759
3.07257857941
-0.156322671805
2.92948772097
-2.0445480432
-3.39785957433
-1.72053597923
-3.12923388258
-4.36996318788
-2.95950246821
-5.05959169447
-0.936850166673
-3.27906529566
-3.1756244266
-4.67411870849
-3.90504116998
-5.14222036434
-2.74871443301
-0.763263052944
-2.27265332268
-3.73893516315
-2.32094050895
-3.15537240113
-2.99711443035
-4.21411183167
-2.74540870764
-5.92656257136
-3.03505796778
-5.81765795851
-4.82460300056
-3.56547845618
-4.52259569333
-4.04229232353
-2.93436524942
-3.32114169779
-0.0409698768176
-1.98623663678
-2.09191476593
-5.35961215355
-1.24875734244
-2.57032734455
-3.97226653197
-0.674505258359
-0.435102315725
-6.29055678867
4.17010753548
-1.18457442694
-3.90267883996
-3.42354394318
-4.72612462927
-3.40945088424
-4.02678381479
-3.55984429709
0.356261786569
-2.8944365974
-0.263852645768
-2.66118101306
-4.90181371004
-0.541589800258
-0.244430122735
-4.62377929117
-1.51782950988
-2.85025090279
-4.71844648469
-2.55297204938
-2.7935639062
-4.91609864724
-3.67285502293
-3.0142158321
-2.96004776766
-4.2517091239
-4.06880298521
2.55866327626
-4.9485293795
-4.37554577795
3.49292523477
-5.12074768954
-4.76854489977
-3.6855271282
-2.87598590645
-2.51832521743
-5.51464350515
-2.50444777947
-3.31131585177
-1.06494775296
-5.99942672937
-2.64761572728
-1.96950195942
-1.78087757847
3.80177460678
-2.77149338101
-4.52647144755
-3.83944565192
-2.42478583828
-4.98507948599
-2.24876060745
-2.89693779505
-4.04149249169
-1.6789711959
-4.46573672239
-2.26167030515
-5.65611220487
-3.05009813071
-2.71693118827
-3.17492737904
-1.73378184364
-2.20227065017
-4.0239125269
-1.41176879769
-0.66310955847
-2.78743335158
-4.13284032281
-0.60522037349
-5.05427512173
5.04283426116
-0.732700785245
-2.32406020509
-3.09558370697
-4.52098424092
-1.77839450441
-3.5652477057
0.63867245636
-1.95047454347
-5.88843457725
-1.37785259667
-4.82208234815
-3.67524522034
-1.91554921914
-4.39664435708
-4.27918310634
1.16798616813
-2.8966750407
-4.06877125506
-3.47682826976
-5.03969396498
-3.59491618751
-1.52990174244
-1.40334145245
-4.23658411072
-1.56322160221
-4.58298172885
-2.96280890382
-0.212149449346
-3.24459513565
-0.971880159503
-1.70424333795
-5.20277481403
-2.72225077778
-1.65884225336
-2.04331723031
-2.73593524674
-3.61118210932
-2.61971395324
-5.69231323519
-2.31844298993
-2.05422015355
-0.990893873192
-4.02948300678
-3.51905487326
-4.14718151348
-6.67725558567
-2.04099111465
-4.43243333788
-4.11456004923
-2.11097972218
-5.26446688557
-1.96398070977
-1.99373861265
-3.94317897392
-4.39750732939
-3.29257154311
-4.11599036256
-3.47202021203
-4.06968402202
-1.21198622087
-1.90386238852
-3.61187316016
-4.42973679237
-2.86882693048
-3.12133533668
-2.32251190983
-3.3246910531
-1.90641914854
-4.73558523373
-1.89780807354
-2.18204054738
-5.59318128183
-4.55120740317
-2.36180949463
-1.95746339217
0.863601071508
-3.74737615057
-4.23563164016
-4.83561350643
-3.0032706852
-1.81963097762
-4.11757537468
-3.13799990098
-2.55818832906
-2.54748454174
-1.09106724789
-1.0763781991
-2.48693133218
-3.91249717756
-2.88117370687
-2.41315085039
-4.98311541283
-4.02717640382
-2.46180490473
-1.93699136886
-1.75954020096
-2.38899032769
-2.62687897529
-1.26563647453
-4.67080413197
-2.25055672333
-5.4386194906
-3.35520278386
-5.38717614629
-0.598346488695
-4.97418756125
-2.59692978577
-2.19683620096
-2.27661108283
-2.72465184266
-4.90897667862
-1.67648413566
-4.48903091044
-4.10891427568
-5.59121716847
-4.8611351632
-1.95231256547
-5.2341131837
-3.70884606765
0.893082115729
-3.01684961562
-2.61573422501
-3.80636012054
-2.32983134131
-3.01240493457
-4.2882889505
-2.77013880434
-0.973910076462
-2.40608623202
3.62835976118
-1.23486731993
-3.98673763624
-3.14878423575
-4.5235652761
-0.932784131091
-4.77279861417
-4.09196549506
-3.83403487903
-4.10727572691
-0.196561389149
-3.32489846082
-2.88123841487
-5.35272324923
-0.933379575456
-0.651488589059
-1.4371681761
-2.06810438329
-1.84593082044
-2.56363420709
-3.08797777127
-0.62761103576
-1.01395018048
-3.202913684
-1.72394867242
-3.77078766537
-1.06212149005
-2.9754137061
-4.07162014605
-1.84749456018
-0.258025017133
-1.36524865264
-3.21534447485
-0.661258980433
-2.71634993544
-2.47896873086
-3.73696791995
-3.8605782216
-4.88237015707
-5.4514468937
-2.39266276172
-2.82654848807
-3.48911466347
-4.85944832612
-2.4002624882
-1.53258110508
-4.79677351644
-3.08937136874
-3.13072826156
-4.05545805058
-1.28782975008
-3.64293207017
-4.18935416405
-2.00913794851
-4.37512009015
-2.96495834623
-1.29855044439
1.18419107421
-3.10906742819
-3.89928390055
-0.551406525236
-3.33028547828
-5.7059195159
-5.04853133805
-3.63560355592
-2.48320636251
-4.72416895695
-3.51799893354
-1.98320788671
-1.35273764938
-1.51760053804
-1.0708204316
-3.63932326973
2.83272113452
-0.98451192669
-2.51690861933
-0.448353216357
-4.09495463265
-4.50224535759
-2.67296991855
-3.30944946394
-5.15661613208
-2.99961865836
-2.6595016021
-2.42440670191
-2.08599167902
-0.860629623011
-4.0287128136
-6.21446846246
-3.73315699161
-2.75928747062
-2.7741802475
-2.75499272657
-3.60420066
-4.19292738135
-3.92504894432
-3.69842567519
-3.92116785595
-2.2707394573
-2.76423102145
-3.09880288379
-1.4035406731
-2.49993084723
-3.60342753428
-1.93511166616
-3.43062004876
-2.88299684551
-2.67639214755
-3.42630821466
-1.9284144262
-3.45218918473
-5.72967577324
-3.99517430365
-1.9702091067
-1.22880620503
-2.98022026247
-1.69754631505
-5.23339027642
-4.3200668518
6.60422878305
-3.73572238763
-2.45759106501
-2.21487032904
-6.1868690186
-5.97419000379
-1.79691249182
-4.36749899321
-5.74131072282
-5.69687929085
-1.09027846769
-7.53132549839
-1.53602009129
-3.46937647505
-3.54854270984
-4.0654502474
-5.04037594337
-5.41776484212
-3.09952799444
-0.21851023254
-3.16725019186
-4.56588509837
-3.336114827
-2.76440583338
-4.81310582263
-5.45681328783
-2.2963734741
-4.71782698381
4.91200822279
-5.43478386692
0.342405287176
-5.78644969946
1.70204657655
-3.88970448259
-2.73319204301
-3.831956005
-0.162319008578
-2.44366598531
-3.5344649604
-2.48962898598
-2.24770154392
0.703152331005
-2.54313573362
-1.52314558679
-4.78224979398
-3.04145194161
-2.41206476264
-4.41956280583
-1.30099473542
-2.00821453003
-1.43969536364
-1.25120413666
-3.31936671007
-2.78168187878
-2.11797172242
-0.239076192544
-3.71945343355
-2.03056898953
-1.58053040481
-5.658191961
-0.75052944346
-3.71909559875
-2.63981469915
-0.809021870082
-3.13908715869
-4.0067544285
-2.66930064525
-3.96356475803
-2.20287870494
-3.62013207806
-3.54171788601
-1.9616462141
-2.85816338148
-2.64078374075
-1.36115695096
-3.71843817284
-1.50301096776
-2.22850923726
-2.11425903687
-4.26988324182
-3.97333311298
-6.03429095084
-1.86306279686
0.277548199147
-0.742291232895
-4.20486979164
-3.56019289951
-0.382995309093
0.739291100897
-3.45065102324
-2.01483307485
-5.21934623287
-3.6927717232
-1.05479805554
-2.2610009349
-3.02481575316
-2.65433007435
-1.39750162027
-1.56024341851
-4.77181424161
-3.40554893192
-4.21597188518
-2.87005426777
-0.311487374931
-1.9528697388
-2.00897666046
-5.16764295206
-0.382948315775
-2.8327412641
-2.78887737462
-4.41290232826
-3.58915285919
-2.82630151894
0.484749824843
-3.07367482483
-3.26409899707
-1.30428320177
-5.37894543361
-3.26998403852
-3.47984386773
-1.48993608398
-1.03931764229
-4.60435525724
-2.40053763222
0.581649947941
-3.17842039841
1.32865042701
-3.17450646382
-2.45758796267
-1.61553415305
-1.56747833887
-0.705464740068
-1.86531097029
-4.28928789217
-2.32235333279
-1.16761765501
-1.29928862226
-5.02131846994
-4.24348353761
-6.03279548803
-1.51009899058
-0.841978693421
-3.27566038659
-2.47883984521
-2.5058626959
-5.71053962743
-3.0162296566
-5.15361210404
-2.15806185117
-2.08294925824
-6.2581359049
-2.52458059225
-1.50785178012
-1.65312621506
-1.69555813657
-2.08497102751
-4.28840285743
-4.02876459263
0.855417476046
-3.7707474116
-4.37946962698
-3.47650404877
-4.77187323085
-2.80902965547
-2.70173117452
-2.77007787731
-2.70262466713
-1.89574768319
-4.5783718399
-3.18469144066
-5.1325131663
-3.65081812675
-3.82357457187
-3.43795358305
-2.71855422611
-4.45126691431
-2.27328399819
-3.84968442638
0.447375660399
0.622142409152
-2.53254847249
-6.89478592443
-0.502816312754
-2.42306207027
-2.12419788493
3.23602199068
-4.09484298048
-3.59510107613
-2.58730937574
-1.54692246961
-3.17991273685
-4.85076244173
-3.2992655454
-1.42258975304
-3.75583552655
-1.85463881433
-4.6836543006
-1.88408018725
-0.487375159242
-3.60508550374
-3.25623856163
-4.8109058953
-2.20789939588
-3.30229355631
-4.81503533342
-0.295754400064
-0.474326639082
-2.20315688457
-4.09673468455
-2.88617251245
-5.97547467801
-4.65355647584
-2.13382763022
-4.13595117589
-3.66620017997
-4.88215047383
-4.18374990051
-2.35251519911
-3.06735779465
-3.3231337383
-4.06622431125
-2.90796454308
-3.80296882423
-7.58692809795
-0.278702360394
-2.63275201653
-2.48629376006
-4.45862435648
-0.315288382799
-4.40927534956
-3.14214351646
-2.5107163474
-4.96841529494
-1.09624355348
-0.941736505122
-3.18146503657
-3.15136950832
-2.59096181491
-5.23146626512
-1.6676753383
-3.94584781353
-1.98006618291
-1.73638690392
-1.41373399626
-3.30317952236
-4.48923300623
-3.38914202379
-3.27011532147
-2.86626509051
-3.9534415204
-2.34319644783
-2.24411142655
-2.13875892858
-0.740175222322
-0.710640328376
-4.88341012813
-4.38537125475
-1.31908994688
-2.54339445874
-3.14979284218
-3.76550306908
-4.0279681101
-3.49021062991
-1.71484425596
-2.25099911432
-2.31709370276
-1.92966192203
-1.73439407368
-2.32849182018
-2.84688393882
-1.57753525657
-4.31251773094
-4.91155914043
-2.93358896338
-3.27336157643
0.828257222095
-5.74968678188
-2.24668928837
-3.58301815941
-2.38018168018
0.557142826009
-4.50015700642
-0.916161153672
-3.16621499522
-0.749806339986
-4.50954350031
-4.21014242064
-2.8308269564
-1.05839098016
-3.00886913444
-2.30462891013
-1.53730669413
-1.95173390965
-5.70962322766
-1.72453897211
-3.35839481023
-2.27063925416
5.48473413278
-5.57301232874
-2.96031453066
-1.93988471663
-1.92410749706
-2.38647075405
-2.38873662054
2.183212029
-1.40490339305
-0.696513489822
-4.92743893341
-5.21749009201
-5.15477763167
-1.20601067915
-4.472496679
-2.63790333744
-2.31736241101
-3.17436941834
-1.82686192888
-2.74460286539
-1.82239314081
-2.88476015802
-4.05207579567
-1.22605514192
-3.86018258417
0.408668149851
-2.05638685592
-3.0529304822
-3.18423707758
-2.77087401757
-3.38192698156
-5.56882961093
-5.13170494372
-2.72407105329
4.71711662085
-2.20378613662
-1.66624116001
-4.09605745665
-1.90706409529
-4.98113974234
-4.37389112446
-4.67702429926
-3.22936117605
-3.85760841702
-1.80100007904
-5.07425803012
-5.12909468028
0.558496162483
-5.23392566629
-4.65082759132
-3.95529511432
-3.40126398913
0.0217229795058
-1.93563370194
-5.38426818573
-3.1714159619
-4.47972205507
-2.79120687218
-3.98063615854
-2.50888958204
-2.98570219972
-4.14637641334
-2.06601441047
-1.98394859005
-2.7129618205
-3.39109914989
-1.23630993293
-3.33734055312
-0.435485056149
-3.96387737545
-5.06430757666
-2.86072719832
-2.20729495486
-2.95708586358
-3.38035967899
-4.37842325441
-3.44656539069
-3.3979751695
-2.61989594696
-1.9357804042
-4.2490323437
-5.84013784367
-3.44144038823
0.271963978583
-1.16442256579
-5.6046490875
-3.53170491643
-5.99687526377
-4.42034979629
-3.43235080146
-4.7468070835
-1.57783853945
-1.61441193406
-4.40227767177
-4.61278579457
-2.28742417091
-2.8496687344
-0.725396968291
-6.28064126441
-3.51730638144
-0.633840653109
-6.14075976454
5.03380767457
-1.95624738381
-5.43183249813
-5.96891254952
-2.37084319048
0.0402452267764
-3.42761152898
-3.16772709147
0.398608706301
-3.99543361634
-5.68837784534
-3.71103660425
-2.85052383558
-4.94464810668
-3.08703182758
-5.79286352415
-2.75384547328
-4.92418396496
-3.47402001011
-2.526604122
-4.33563269226
-2.88082869103
-5.13134014586
-2.61692154543
-1.85233192428
-4.72185620272
-0.666489235216
-0.957506879559
-0.3129896301
-4.29818506126
-6.9472204529
-0.744669313862
-4.47403399066
-2.31528100994
-4.71157052356
-3.45108096502
-4.72406431157
-1.096350032
-3.97598971213
-6.20650190702
-3.63874702385
-0.453026291313
-2.25488237692
-2.22680408574
-4.74697815502
-3.04815963401
-4.56914162619
-2.05147311273
-1.87775043819
-3.43976040584
-1.57621198463
-1.47690408611
0.578953405998
-2.28448077112
-6.77914435102
-1.89791533122
-1.93680469125
-0.933364831603
-2.26000770705
-4.60574512602
-2.55868074666
-4.36975954444
-2.52490442233
-1.49935277843
-1.54021529198
-1.77440520996
-4.63557927907
-3.55573026568
-3.5644429314
-3.69083819396
-3.99789322316
-3.74947408014
-3.03365003203
-1.27962675837
-5.39968503972
-2.75963784279
-5.40348511757
-5.39473345246
-3.15482494679
-4.40955551113
-4.61968423871
-3.15636685084
0.493993727128
-5.33296749916
-4.94948480625
-3.83486391222
-1.90548144801
-6.05140728589
-1.06679310323
-2.0108142936
-2.96958535276
-2.25657718568
-3.47661207369
-5.58666173036
-4.1615276338
5.34167315698
-5.15862908845
-4.50397111611
0.0732277817988
-4.85167912029
-4.74128042073
-2.44893351989
-1.82657411359
-1.62959495198
-6.45714985723
-0.769668026232
0.536338438199
0.12723592561
-1.69161132845
-3.10742431458
-2.65541303951
-5.10417871901
0.192055800044
-4.9591417815
-2.14497856178
-3.86600880884
-4.61216764957
-4.42133474706
-2.45406795756
-4.23565008889
-3.35657520104
-3.09862291006
-5.88257852744
-5.46071769539
-5.70925151909
-0.94877135296
-4.72707405878
-2.58699613999
-1.89897175025
-0.830808529115
-1.43153466853
-3.54927548469
-0.422140304641
-2.57825000711
-2.85053637461
0.459071223659
-0.435743562624
-2.38277575072
-3.72385042207
-3.05879249112
-1.85829445833
-3.53844629267
-2.87632808021
-5.35110607878
-3.83942402402
-3.82431411251
-0.343988055688
-1.84118970824
-2.891933402
-4.98783326054
-4.06611070193
-3.28460431312
0.807556006787
-5.15874434734
-2.40352170855
-0.962070237638
-4.23221165953
-3.18945042727
-5.40005297014
-1.17567346515
-2.91049889147
-3.67998143445
0.627198700333
-6.21929137513
-4.28643259665
-6.19769994249
-1.50133239501
-0.899920042564
-5.12050385334
3.38062760787
-1.37363765909
-0.814242493288
-1.97219517294
-4.93920477974
-1.5442261644
-2.25725099541
-3.4126926124
-1.59512318869
-5.50084341843
-2.15896677965
-2.91840840677
-4.90223837797
-4.60982821416
-2.02641112698
-5.54308386443
-0.118441375801
-2.73603700744
1.34842221558
-3.24057043145
-3.95178124491
-0.595391901203
-4.26348409505
-2.20346623681
-6.46423860472
-3.10237346027
-1.52051882253
-2.26434321544
-4.28713903405
-5.19474872149
-6.60332379023
-3.53535100711
-1.35485501829
-3.032343803
-2.21381187528
-5.97402479699
-5.18440065363
-1.06962998307
-3.89522076564
-2.21465660861
-2.52375542306
-2.31637399867
-4.66911972172
-6.07391793285
-3.37393276991
-1.40563688524
-2.09143649673
-0.386367114396
-4.5149225878
-4.87061728285
-2.05918294511
-2.69176317907
-2.03111884804
-0.668372275712
-2.20235102748
-1.29358508396
-1.87933448273
-5.0700787477
-0.957311474124
-0.886240065143
-1.77235249665
-3.75871014891
-2.13769889491
-2.29489123623
-7.52943311888
-2.25518407965
-2.57557846952
-4.80224359013
-3.74891263551
-2.80045078521
-1.30733533958
-0.915875882134
-2.1973122564
-3.88196739565
-3.11963586152
-3.12520614157
-2.77293921797
-5.08389842145
-5.08124770941
-1.9402498549
-4.2898822521
-1.69318866911
-1.46025236983
-3.05248831684
-2.94259309796
-3.0206131538
-1.71755209403
-3.6073937246
-3.60894927783
-2.10081788
-2.1505190887
-2.69405202839
-3.81967989231
-2.09060893461
-1.88570520228
-5.06570103146
-3.21147832069
-4.05428354711
-3.2946875727
-5.43437951748
-4.04545540915
-1.27717918583
-2.3342870186
-1.57908939749
-2.3818328454
-1.03642300466
-2.76373355251
-1.14043546619
-1.27037463864
-4.04391825057
-5.49510277398
-1.52766255625
-2.17940682511
-2.27561782853
-2.46053130498
-2.80881255986
-5.80271235067
-3.72603454241
-4.49787795157
-2.80046104037
-2.35163889252
-0.821499655055
-2.0999223076
-2.33666423257
-1.69740185651
-2.73141934071
-0.684700290388
-3.5774831722
-1.53565586732
-3.41615180494
-2.83207085838
-4.05550990512
-3.78486202833
-2.90623755479
-4.2337460017
-4.86891923435
-1.71634974495
0.399396989636
-3.02438164614
-3.64803468003
-2.976609641
-1.10138515905
-0.756120562422
-3.16879881806
-4.91578962096
3.63868508512
-5.07176337082
-4.28865252005
-0.694104958523
-3.00272766216
-2.17317197012
-4.02156213603
-4.20848732022
-5.03891082846
-0.0348169877288
-6.04256214043
-4.23772639506
-1.77391377214
-2.75148557854
-3.09749292935
-2.81866145808
-5.34906413627
-1.91995790673
-2.05292571996
-4.51181335147
-3.85532011737
-5.06546037543
-2.18936040327
-4.24766772725
-1.16594153352
-2.67297210424
-4.95552998973
-2.24289503434
0.0647699130382
-5.21619250451
-5.78856502728
-5.49378741984
-2.38108827355
-2.90966257065
-7.73264308565
-2.12019092049
-1.86084039277
-4.24466194411
-4.72756641965
-2.25212748712
-4.096861549
-2.48578227562
-3.65078855727
-0.482111576758
-1.58946025768
-5.15710530797
-3.55546207909
-3.64932447674
-5.20396383735
-0.607064058248
-1.86183239254
-2.42107895851
-2.15025014534
-2.75423371509
-3.01328616555
0.948690642592
-3.66667507646
-3.53623238962
-2.33588750354
-2.97978983115
-4.25114452424
-5.25094705848
-4.59492163294
-4.10009392752
-3.83957090184
-2.67786936859
-3.79946817255
-0.808206193123
-2.90367370587
-2.96453348642
-5.17275603457
-2.14214397615
-2.4240729845
-5.58043945116
-1.96332405689
-3.7996316063
-0.706663426975
-2.39396198418
-4.59586952375
-2.62459104521
-4.57526739628
-4.1945165286
-2.31269720932
-3.26124269135
-3.69997628891
-2.03578362011
-0.0336893325207
-3.56655814348
-1.48145602151
-2.74126237913
-2.26885816098
-4.72972793614
-5.26743656359
-0.625766080286
-6.37783052813
-3.44426852223
-1.41435169102
-3.57041723215
-4.55551945605
-3.79994938078
-0.798166105593
-0.387999163529
-1.07461028887
-3.74545258274
-2.07502177352
-3.40604059372
-4.3899151896
-3.65123003693
-3.07420790806
-3.23443732306
-5.32570351155
-1.8471709653
-4.84757957934
0.5743141248
-4.48632954305
-2.75546597643
-3.72374993355
-4.2197727777
-5.41063764584
-3.05294697115
-1.74632008059
-1.5342259726
-3.84156833909
-4.32323533425
0.712025070922
-1.90534034585
-5.00846301443
-2.99910678651
-2.35198089897
-2.33228267577
-4.38405504447
-1.18723188176
-1.26182612597
-2.49682176081
-1.07761865758
-4.73048069339
4.21404783161
-5.21228814158
-1.59125937005
-1.81667830212
-3.60097874174
-3.18479962578
-0.789793333129
-0.95867851583
-2.32441841252
-2.44210473134
-2.91004425334
-4.99625551834
-1.97408518953
-4.15134527106
-2.44262438963
-3.49603004146
-2.67778189941
-1.82518685761
-5.04075215279
-1.6125705265
-4.19105978526
-3.48825943588
-0.666915105721
-1.22256893019
-3.71539724407
-3.07625460288
-4.42270564284
-4.80041580879
-2.27633403886
-1.26765484359
-4.34928039035
-5.10203809679
-3.70007945929
-3.74108984813
-2.9081330021
-3.06814698926
-2.74743449278
-3.10897675931
-2.58461228367
-2.18639831824
-2.94831880138
-2.79401705097
-2.89042686144
-3.57550981737
-1.04332073398
-1.44196480689
-3.13629888726
-0.892702377169
-3.00444415797
-1.26123660336
-2.44772749563
-1.55399900064
-5.81134163692
-4.1414528225
-1.33021584557
-6.68104901719
-5.13684349533
-3.7856793688
-5.3457744153
-3.91876053386
-3.32320760713
-1.78568205345
-2.69573717492
-4.99328328232
-2.60009275347
-1.50226385105
-0.615270213808
-3.04749678841
-3.97244560945
-0.829055539167
-6.22915022794
-0.99752305552
-3.71181237982
-3.27430904583
-5.14095902704
-3.16175248514
-2.02216409066
-1.86463069411
-3.46887671726
-3.25359547483
-0.348870518796
-3.09533076214
-4.04687952537
-2.62187284908
-3.12187300849
-2.53527323553
-4.37223508968
-2.01853822671
-1.30822639292
-2.74771220492
-2.71027549865
-4.32297300443
-3.14727254724
-3.66923903459
-2.49951630473
-0.912194943298
-1.80797011365
-3.38681806092
-4.50051507213
-3.04160361461
-1.90735233855
-2.92389290116
-2.77849010849
-4.29205876021
-3.94005625332
-3.50464374082
-2.47919933823
-3.69620825663
-0.714530488847
0.258849670009
-2.86765825441
-3.5658075295
-1.94588161924
-0.903505456772
-3.83585780776
-0.347531482381
-2.93759841574
1.57221501011
-3.45195414588
-4.41899113662
-1.49908493896
-2.67559788359
-3.19485594583
-0.344476082348
5.19043151341
-2.53107276281
-4.36921117219
-1.11445887275
-4.32446014207
-4.22922549323
-4.44874929249
-3.25192145183
-1.96688247273
-1.42586750211
-5.70612936767
-4.82951920742
-0.945963953036
-2.52737406834
-2.70622181681
-3.69732862975
-4.9148090661
-2.18713645884
-7.00719523485
-3.7647712061
-3.94461198138
-2.68774588833
-0.427448763648
0.369064721575
-3.03069431195
-5.60687848843
-2.38383072087
-1.62430744782
-4.46510099213
-4.34482620046
-3.91299201854
-0.561658731749
-0.0299525481175
-0.980673270097
-5.39753371773
-3.73276032931
-2.1793308999
-2.08449479082
-2.94477675145
-3.52727797129
-1.07960858566
-3.03296898391
-3.95501838452
-0.519815053558
-2.85001908271
-1.78762614382
-2.6192651767
-2.70408196492
-2.65775068445
-5.28733974669
-1.90014492931
-2.75962935982
-0.199777216324
-4.92102546682
-3.55721045988
-1.43671966184
-5.15212864468
-4.13153296854
-3.74721153028
-0.753632733028
-3.25891309131
-1.43178280191
-3.4451914614
-0.676908069115
-1.32479432376
-2.93872008263
-3.94170245365
-3.74401912692
-1.69326769209
-2.5548343953
-5.85929483189
-1.28842347278
-4.90077621908
-4.23791258511
-3.56727469236
-4.46278047918
-4.90969912663
-0.96554155199
-1.4851943678
-1.02698057443
-1.84633495971
-3.61634921348
-1.31131051065
-5.45084031776
1.30142598123
-1.62387919556
-0.55411673163
-0.310848784791
-2.1883391484
-3.4761131638
0.630695569587
-2.76941175452
-2.25467803229
-2.32555535667
-4.55236559228
-3.04714931315
-5.76136290104
-2.25163856681
-5.30782653559
-1.15450047376
-1.45888950967
-4.6266854551
-3.87624466203
-2.10321502299
-3.31992169343
-2.02523606729
-2.92854516906
-0.0252662716315
-5.06045371059
-4.24236975118
-4.09844972246
-3.67233113452
-2.68586681987
-3.31085196811
0.284984755069
-5.38665542729
-3.04141263877
-2.30081667064
-3.5815424951
-4.2855929591
-1.35862718542
-2.24082759223
-0.670041733527
-5.03166846159
-2.92147102177
0.500057228209
-4.48099748909
-3.42935715337
-3.37972060032
3.54354062071
-1.72013270982
-2.25102030111
-3.41174705472
-4.01522536589
-1.42043965954
-5.05860015689
-2.13520416528
-4.76193546644
-0.728833781963
-0.530151423754
-2.44178945339
-5.18472018042
-1.94632247541
-1.39917509999
-3.60853606881
-3.61262383815
-2.61782087334
-4.02897054908
1.33272434568
-0.867921617025
-4.14292690927
-4.99176660151
-3.25878693222
-3.78355891083
-4.59926248742
4.72128977045
-3.91012742374
-2.77164435434
-3.49690089552
-3.64821356352
4.67679044944
-3.46337079568
-1.93811636098
-3.73656818745
-1.59986446037
-2.5870831471
-2.17805511265
-4.63602856625
-0.218708747785
-1.87727356323
-3.78978026748
-3.31023579978
-3.73560981379
-4.05586106184
-1.6496848467
-1.24516381081
-3.00788499777
-4.51347060922
-0.571360745201
-1.07219619108
-1.73848196273
-4.94332191035
-3.90477995857
-1.97906574527
-2.55322537279
-4.17968739423
-2.61423554186
-3.93101954168
-1.4773472848
-0.721454825176
-4.14694392101
-3.35523802293
-3.57115995376
-1.66461384117
-3.33275899462
-3.49020985701
-2.25904380895
-0.424972355886
1.41596410888
-2.14877934981
-3.41313152932
-3.81364570048
-2.57879003681
-5.26970323844
-5.77172798655
-3.72145466076
-4.41203281634
-5.18848644256
0.29274944531
-2.05003072053
-3.45570716565
1.48610680102
-1.8879026991
-5.21998573515
-1.31453742133
-4.03476503637
-5.86047473007
-4.36172093464
-4.46820341305
-5.23191589867
-4.66475872725
0.458369391587
-1.35042519959
-5.68456000695
-3.20588551275
-2.97448240844
-3.69409797494
-2.93777213458
-1.2210108058
-1.46812958334
-3.06895386508
-1.13493540835
-2.57758809462
0.177771053994
-2.38221895029
-3.91742913264
-1.80694875612
-2.09410798727
-3.17316989028
-4.24247444843
-4.22472773046
-1.85294362022
-3.108925802
-2.25905481205
-2.35214071347
-2.64133779024
-1.62477804596
1.14353547822
-3.56769332384
-5.93652335994
-2.34465955779
0.759016781421
-4.66296271639
-3.14175785015
-2.4853696239
-3.61623564932
-4.21493293305
-2.30301044626
-1.97883231053
-4.31993494236
-3.39255660291
-0.985470632019
-1.25677373793
-1.42014899697
-3.38564917441
-4.64137849342
-0.638570596624
-2.17989905548
-0.201931619153
-4.87804897247
-2.01289113667
-3.85441222959
-3.78687776285
-4.93774981594
-5.84011239787
-1.3113555087
-1.80969803879
-2.92723998269
0.261351670929
-2.72520928047
1.00264132023
-5.09992378186
-2.86586043154
-3.27062758676
-2.71205537864
-3.93744666836
-4.6261792108
-5.08394005229
-3.64134358773
-1.83621845176
-1.87035437692
-2.12936934393
-3.17574324987
-2.717296445
-5.74100280267
-1.92234861981
0.671972617913
-4.57961743925
-2.28340917335
-1.22476144694
-2.6904313592
-4.6621810162
-1.21644418808
-4.93987110866
-1.09435843296
-1.07758250927
-1.75178953013
-3.17465351389
-0.828802924305
-0.544578023332
-4.40186148117
-2.47016762791
-2.97027414003
-2.09416660952
-0.931964430702
-5.17024356775
-3.2134258216
-4.07901826772
-3.62397279557
-1.79083559668
-3.62671214807
-5.15612013576
-1.74312844591
-5.06119551226
-1.47517195616
-2.05038664724
-2.07365568363
-4.92144012561
-1.14059013443
-3.37240592172
-1.12093232037
-3.33151402872
-1.55641999619
-3.19002182129
-2.75800509527
-4.97988506309
-2.75285167155
-2.14044473232
-4.06310631849
-2.14806783096
-2.75079044564
-2.29669068687
-5.1277417161
-3.18555469032
-3.07264480981
-1.50846068889
-3.15680314861
-2.47572876368
-5.00423060092
-0.0705583354894
-3.02263711432
-2.96404631526
-1.21130150388
-1.51257600235
-1.70606730772
-4.20982889431
-4.89145638962
-2.77450835953
-5.13789556555
-3.49314439426
-1.23297341798
-2.33802474562
-1.11170811308
-2.71913955065
-4.2830229538
-4.07717534746
2.67388812778
-4.56225780439
-2.32912264279
-2.86582775626
-3.26437083223
-2.44020991112
-2.15847383482
-0.277468295067
-3.57224621419
-3.61799742398
-3.44806113473
5.11612093684
-2.85985586606
-1.22460588107
-2.45482016517
-1.42463708027
-2.41621400822
-4.11222861231
-3.62244355397
-2.84370037729
-3.95787135898
-3.59571893994
-1.30742331875
-4.5675974523
-2.73872674936
-1.99986710747
-1.16779078897
-2.68423541634
0.0471158135234
-3.49073621497
-6.05234259061
-1.1871605417
-1.92358051022
-5.47906974065
-2.54319620071
1.35542367102
-4.85574228626
-2.62017317465
-3.06830181879
-5.09421829661
-1.75719034551
-1.94301585338
-2.48604148636
-2.86555934536
5.28053067572
-0.879540397052
-1.42177943529
-1.64894673038
-2.80394326299
-5.03848565459
-1.5396012272
-0.870397076948
-2.77292285454
-1.23797305087
-4.57378812254
-1.87036993305
-1.52805715897
-2.72726980003
-4.24082996174
-5.12649124549
-2.08421817925
-1.60758973958
-2.65499121531
0.356888245807
-3.58392613646
-0.976963316871
-1.70269234983
-1.95864242123
-0.0881438862054
-0.968715513357
-3.00223412664
-2.17445958416
-2.24345014302
-3.57488695801
-3.20688580479
-1.67619022786
-3.39406665379
-0.0627833669634
-1.81831437732
4.37954817372
-2.82679153405
-2.0633148494
-3.2643599295
-2.55275762729
-1.79220924962
-4.86577157716
-3.23920343925
-2.52393139932
-3.22245015346
-2.55702225673
-5.81597460914
-3.05781072436
-4.59961877087
-1.86830925694
-0.507824626676
-2.37542444113
-4.37182409026
-4.20516356089
-4.08566383181
-1.30099880114
0.463444597236
-3.22969996333
-4.02807789407
-4.53176041256
-2.83430354625
-6.13251119846
-2.79828828668
-2.20156505213
-2.30879937221
-3.61014748177
-3.07237632716
-4.12566643037
-3.98370965887
-1.57906345865
-1.34390426918
-4.83426595554
-0.881413472845
-0.96266172231
-1.77851415272
-2.39651968887
-6.5884675332
3.29640099099
-2.76241338892
-5.62223493045
-1.51787174864
-3.80418605545
-3.73304392914
-2.67026324916
-2.26718692843
-0.894277160742
-3.99576671159
-2.6613753022
-2.1205195083
-3.68267646798
-1.21360639114
-1.25253295474
2.03582155372
-4.86299622583
-3.59571260071
-4.67927038469
-3.33628659317
-1.82044573808
-3.2318674579
0.363147207973
-2.86758948275
-3.5947105766
-3.69858025576
-1.61433202059
-0.852028495657
-1.0308882587
-5.27543539682
-2.11111555207
-3.79544174478
-4.99223999954
-3.97874517363
-3.52515552162
-3.76605719281
-5.56477393642
-5.59754447778
-2.6995232089
-2.79812846777
-4.97343491677
-3.3675237534
-1.82206728263
-2.80369676757
-5.37651707111
-2.49289865978
-5.9028903035
-2.32338117141
-5.46097574891
-0.977148355398
-2.74332122176
-2.76372917374
0.718673308316
-3.37110080371
1.83811574119
-3.70675358727
-2.37797256143
0.0184746225617
-2.37801571523
-6.80690814967
-1.18797526304
-4.80504977121
-3.19053627663
-1.35360304512
-4.57241476306
-1.67277038783
-1.17770788525
-3.84344842051
-3.07839436629
-3.3563747156
-3.67864601683
0.204668156966
-4.49030376379
-1.32536809956
-1.61708728958
-2.17296769583
-3.26634577999
-1.22900992698
-4.13209920336
-3.77174762437
-5.0734857018
-3.20332430519
-4.60838971136
-4.69903273183
-3.61103278387
-2.27082312667
-1.13698826881
-2.95210505921
-2.48164659187
-0.88430408982
-4.38008196968
-4.67967031483
-3.42255621154
-2.78570501432
-2.11342774276
-4.59462197521
-4.07184657286
-2.65308985112
-0.726532520123
-3.74748875396
-4.54567601427
-0.257032546954
-3.60859935484
-4.69295175574
-5.17854625626
-1.15695068664
-1.636788517
-3.21330554068
-3.08373241285
-2.99087546506
-4.0988950923
-2.76076769492
-0.0823230885577
-5.4690802387
-2.19278449998
0.00192317705933
-0.57193645457
-0.179596540696
-5.8055931201
-0.390390393693
-1.30392836367
-4.09466013889
-4.64816984349
-3.4127212923
-4.31801071001
-2.07832779857
-2.36277184697
-2.77417409878
-2.90028675755
-5.13398555033
-3.31319694759
-3.90950830739
-1.83656175437
-2.41129472187
-0.655522653507
-3.26177696495
-2.86440162606
-2.98749651954
-2.47667416625
-5.08865385032
-1.72433569213
-2.52578206828
-2.90318328917
-1.66394996004
-3.27963733404
-1.25597262894
-1.99271751366
-0.505523095671
-2.5019865784