-4.17689944233
-1.5058118961
-4.22879983898
3.19503056732
-3.11320722769
-4.48155063753
-2.62081660455
-0.677538968799
-1.19812967456
-4.76516543568
0.810015358055
-2.41588029153
-2.72994730099
-2.57899681432
-3.15178931201
-3.23870071662
-4.21952485603
-2.36544592262
-2.71999239473
-4.19836845464
-3.27778368115
-3.50366340939
-2.18010016544
-0.981514908923
-1.97976262058
-2.94970782522
-0.672797652732
-2.94712953707
-0.357571559695
-1.66043051423
-2.92337130238
-2.24519237538
-4.93694142455
-5.20997022052
-5.03080719178
-4.7296971881
-3.87521505064
-3.45136710485
-3.97063945493
-1.13337612225
-0.95407491555
-1.71678544642
-5.52471516589
-4.19353324344
-3.7183287643
-0.616002702731
-1.56798367155
-3.27274521159
-1.79662238289
-4.39053696363
-2.82396591767
-4.15507741948
-2.82291946302
-3.56659903837
-4.34796033127
-1.72862938344
-2.54506011539
-4.19575230025
-4.29089231331
-3.27748284749
-3.92576740737
-1.85881057614
-0.930341161088
-2.63560896178
-1.16673265433
-1.43058887017
-2.30022998446
-3.06926780847
-2.71320656208
-3.42126120244
-1.01222630186
-4.37494821786
-4.9865760832
-4.71801476622
1.70190780178
-3.51201002808
-0.977341678472
-3.3119930137
1.43786726976
1.66220787822
-3.99134515342
-2.07974104812
-0.661253412826
2.01218815809
-3.65202634101
-2.62229641799
-2.57846264689
-4.36384602937
-4.85326602322
-4.59372673109
-4.27568102225
-3.23856731584
-1.91680103987
-3.80591590733
-3.90986803492
-4.25465814213
-1.47757987226
-2.2717473454
-3.0903192753
-4.47640844473
-3.8910109509
-0.771820939774
-4.73904849716
-3.65862806835
-2.40335005058
-2.00392926885
-0.686884584593
-2.86458907546
-3.16263279671
-3.4192865574
-1.45054054857
-2.2141878096
-2.04678578474
0.753834355292
-2.30751415962
-4.11282166842
-4.54143513636
-2.47266063035
-1.08657245369
-2.98677561088
-2.93841726491
-3.59716535871
-1.6333809424
-3.18533855679
-2.99832894593
-2.51839866747
-5.0269670924
3.30679954355
-2.41460570818
-5.11779652919
-4.20783869632
-4.04404793941
-2.30552789113
-1.2664726786
-3.96511089051
-4.74449551402
-1.96074018214
-1.5550725035
-1.7801230793
-5.04363157782
-4.8084934506
-1.42205833258
-1.33664702749
2.81470225284
-3.94600727897
-3.54573267742
-4.16933066163
-5.45314116227
-5.02045825183
-4.83506102962
-5.12479800558
-5.02849886002
-3.20225949233
-3.27695251785
-0.889677426073
-0.945358269215
-3.9918680914
-2.4371519509
0.708353692413
-3.66250200281
-0.300059613959
-4.33873133449
-3.52452908366
-3.39573563207
0.814912086641
-2.8933225754
-1.79727389559
-1.24030295867
-4.27160690984
-2.38691836863
-2.25935108069
-2.0155563376
-3.19664935027
-2.72904846212
-1.46058179162
-2.99459356864
-4.81353184303
-3.15755035284
-1.27072118242
-3.40176566932
-4.78325740812
-0.793678080064
-4.39008976598
-2.63563316545
-4.09351075973
-2.56354422832
-4.19587343195
-1.41672707763
-3.19033741534
-1.84348342039
4.03719269972
-3.16257669566
-1.19780845217
-3.22531283963
-2.8073771915
-1.56846197685
-3.6188221673
-4.50782929035
-3.27221074458
-2.83120136311
-1.45806240834
-0.18936453528
-3.1107160798
-3.52061191264
0.456481260465
-3.62106572374
-1.79443852736
-3.34945167707
-1.76610984457
-2.24729579549
-1.06392384788
-4.2683023123
-1.74693649678
-2.69825171101
-0.184803339569
-3.98826983666
-3.71527280698
-1.72231415046
-2.93370035144
-2.91337503279
-3.93800495973
-2.58101279347
-2.95314267623
-1.65815339655
-2.38897728629
-2.50233258967
-1.56279147403
-4.67985967136
-4.22310993201
-0.983935917906
-1.15123755449
-1.65374429333
-3.33565113093
-3.86205844465
-4.55038018266
-2.16056239604
-4.42645788615
5.66995232038
-1.78851857809
-0.986615166949
-4.99126955898
-3.72770423819
2.7065648922
-2.6176227674
-1.50607349255
-4.28294316525
1.02741291458
-1.28639427458
-4.94352655927
-1.74040039374
-3.29544216326
-2.64740569938
-3.42384980738
-0.523172166356
-1.22370989909
-2.96131074932
-1.75818154835
-3.41523322415
-3.06161189755
-2.14193853355
-2.61393051835
-1.45366396642
-1.99837460304
-2.76433161673
-2.12544695071
-3.69922022406
-3.79606534329
-1.90378174092
0.981728355699
-2.4926642408
-2.47303484969
-1.76641559392
-5.14047375061
-2.79655082401
0.0736620372211
-3.96827223432
-4.78558753449
-2.24195455642
-5.20682742612
-0.864725285131
-3.69597302086
-1.03834482213
-5.69224191976
-3.49607990795
-2.05463324163
-1.6300018001
-4.57721868018
-1.25321540205
2.76786862367
-3.15779077073
-4.28549844311
-1.65786725734
-3.37923430849
-1.34305074677
-4.73729604838
-3.69188123597
-1.84786802434
-3.45251393465
-2.75811825278
-2.31826219306
-3.48301928985
-2.64356025199
-3.58943746522
-4.66509931687
-4.89354318154
-5.4936180609
-3.62334511908
-4.15101360987
-4.61346684222
-3.24045156503
-3.2740339977
-1.3943114964
-3.77015294148
-1.27508358259
-1.84907224192
-4.76767575904
-3.26483649264
-0.829763981315
-1.93107942174
-3.13284479017
-1.46611082146
-1.80210863249
-0.565885263693
-4.70859446842
-2.30668602579
2.34975045097
-3.78736841961
-2.89782060111
-2.93774831099
0.764350599368
-2.57805002408
0.650421445019
-2.13447983722
-2.34032488278
-1.33460997273
-4.4518366514
-4.53998303201
-5.2204649231
-4.660623918
-0.108515137576
-3.23987051736
-2.91418625757
1.53433486486
-5.40424428643
-1.28441444095
-1.37980305166
-2.14888843819
-4.95623203646
-0.196221037935
-1.41127221627
-0.961848864785
-3.74488295824
-3.28711907466
-3.50068090848
-4.29965793517
-3.95530658116
-2.16235770097
-4.59610988351
-2.38170879556
-1.89067118304
-2.27991355442
-0.205395052848
-5.31838931804
-4.09404743625
-3.30421009038
-5.07060176847
-2.46555898311
-2.51251666367
-2.37530078812
-2.47330969456
-4.88819130518
-4.4506694236
-3.54690552898
-4.06502538697
-3.53910393702
-4.30333812151
-4.23721977594
-2.80327096982
0.492695280923
-3.13046152299
-3.76190604369
-4.49888854398
-4.43026664445
-0.752171873684
-3.31263580026
-0.565622191721
-3.66437955742
-2.39786213594
-1.22259787874
-2.16605325226
-4.23625402145
-3.32825804924
-1.38701498266
1.85179073942
-4.00873521499
-4.17313398163
0.942961579948
-3.63716896308
-2.2704047681
-5.02719463854
-3.72468798421
-4.04041770802
-3.35822142675
-3.74852618173
-3.78578579645
-1.56437316983
-1.0177585184
-1.52369343009
2.85914091922
-0.955113153613
-3.08255206316
-0.930960354895
-1.54006117808
-1.95829128741
-2.49019638773
3.83041897527
-4.50659873381
-1.72977377714
-4.53467273714
-4.34391033158
-0.939846809051
-3.18983060759
-3.67265936762
-4.36060639847
-2.73131486294
-2.06497405181
-1.52957679969
-1.26756729771
-2.18796855464
-2.6355454476
-0.437668243457
-2.38078620215
-2.20111135327
-0.494851904597
-0.659194258926
2.0257912489
0.489805046062
4.43257879473
-0.366217143549
-3.18615733287
-3.57502973515
-0.642306328441
-2.80324650232
-3.8504140668
-3.81362621046
-5.25234201863
-0.262594812874
-0.943395256225
-1.5989027678
-4.04863131311
-1.44124578654
-5.28473273463
-2.03266118182
-1.62788874827
-1.18437034721
-0.358355027566
-1.66508388789
-4.97047786636
-2.98861901965
-3.74131461093
-2.66203958791
-3.45123081018
4.69646038823
-2.20983465081
-1.86715153844
-2.50248707294
-4.97237905492
-1.99169594666
-2.40572968754
1.28042836451
-2.34183145119
-1.06357578802
-2.90654601687
-2.2609247264
-0.350982948439
-0.88410042704
-2.60102950423
-2.41388820795
-1.66262085609
-2.19424969832
-3.89809452694
-4.08146801328
-1.62132224726
-5.38617163139
2.92730486247
-2.84722891682
-3.41330044212
-2.60591653842
-3.37215496231
-2.13060742451
-2.59867442375
-4.02816676375
-1.15091462335
-4.91918266019
-1.19770909865
1.20257002228
-2.39517350635
-1.60415308018
-3.59487755948
-6.01013376149
-3.51886088014
-1.61057537629
-3.97215096347
-3.92383439827
-4.57881789486
-3.42463851819
1.25537603525
-3.53539066166
-1.02553223465
-1.15335390863
-2.33083739409
-5.54273995105
-2.72355120316
-2.78220546963
-5.49695387978
-2.88586954065
-1.03927294558
-1.40859602167
-4.73325373242
-4.8786944437
-4.60836721132
-2.77858829107
-3.15901886498
-1.26007682713
-3.32391807921
-3.93002639947
-3.24117730363
-3.92026663856
-3.00460677952
-1.53072867708
-1.3709003243
-2.58549449633
0.705352535105
-2.78614952205
-1.86335413718
-1.33867333445
-2.98282102885
-0.973451164414
-3.56519014788
-5.27835598705
-3.38375417939
-3.66500003675
-3.83101304689
-1.64184013318
-4.90333008408
-2.62714399929
-5.12179477867
-3.51285663856
-2.39261221439
-1.02202860116
-3.11737369174
-1.84189280627
4.27229894532
-3.51523820834
-3.65944810326
-1.93399241596
-4.89303313233
1.21589648766
-2.84492439343
-1.56967336592
-2.13503516429
1.58536327444
0.897030143749
-4.4156235259
-4.70785534932
1.66112250617
-0.433190741856
-4.15171362012
-1.4549746692
1.04606251768
-1.41541356259
-3.84939897052
-3.62106923499
-2.93254669064
-1.31770339386
-1.55101118399
-1.4821420912
-3.03122003458
-2.61342319171
-1.19160342601
-1.08338821089
-2.01431191454
-2.88140112272
-1.31410934201
-4.02431034921
-2.79057097015
-1.15069796501
-1.32052611631
-2.55689226438
-1.96177912663
-2.82070636229
-1.95450439883
-4.97328035687
-5.15218977539
-2.44558459174
3.42495602431
-3.55250240159
-0.277748254762
-3.73048689955
-0.563396751108
4.58373363602
1.01102816402
-4.11206632515
-1.88108675671
-1.13503225593
-3.45423340014
-0.323744412132
-3.66989803121
-2.49184897995
-1.15736340814
-3.7524243118
-1.59117625723
-1.42533573321
-1.70850410424
1.09942398423
-1.99884651447
-4.89580570374
-3.99509032562
0.866071766433
-0.915586891237
-4.84071343924
2.2707508593
4.09554639505
2.49932635052
-5.10037133787
-2.94969219539
-1.39727012904
-3.55901156107
-2.68255430499
0.940894697945
-4.43777813644
-3.88845791042
-3.48553161115
-2.74889600505
5.37128919414
1.44806861382
-3.77769506497
-4.81503818206
-2.26516253017
-3.32553832051
-4.86988569438
-2.42059107836
-1.67589404393
-1.56699446992
-2.05934748703
-2.14277448653
-1.30904724445
-3.52397624482
-4.85990112896
-0.716842127975
-3.57581303117
-1.56663953053
-2.72087326381
-2.98897609022
-5.06152463276
-4.67089196479
-3.61247019275
-1.31257910702
-0.0467904990009
-2.14855942947
-2.04421869224
-1.00266415079
-4.8736354845
-3.40927529234
-3.90725598277
-2.62556888917
-0.783275621961
-2.03282058376
-4.65315976586
-4.55638031534
-3.91292772526
-3.44406670612
-1.18201432235
-1.16021401433
-3.6876509485
0.431643426562
1.9006557142
-3.46940658011
-2.13905899803
-0.26847921686
-1.43142106792
-2.66507237547
-1.34860590436
-4.33128897308
-1.52209792434
-1.61046421981
1.41420192005
-2.50563548904
-1.74690021557
-3.49941274878
-1.98409732764
-5.40392737556
-4.8173844661
-5.17865402241
-1.65499114049
-5.59378279662
-2.06869857201
-1.6911687639
-4.76234108057
-4.97881049119
-0.337820125672
-3.66023551871
-2.57299757017
0.583021895839
-2.63099822121
-1.92077622344
-5.22368990487
-3.18210485851
-3.08407175848
-3.22164296876
-1.5597179796
-4.42310459149
-2.69313326062
1.22298353192
-4.79545581164
-2.56868561728
-3.81927629311
-2.36349224664
1.32682787844
-2.39721766224
-4.80765631571
-4.89366529317
-3.83119524115
-3.11269747796
-4.50285342305
2.20265083797
-1.70100325937
-2.63667451087
-3.43407734093
-1.43640034327
-3.14204497749
-2.7478730114
-4.91269887013
-1.4071865185
-0.664101131067
-2.85175863131
-4.95676047952
-2.22270275264
-1.17767651522
-3.03939625003
-4.5627140751
-4.7191260034
-1.11800637658
-1.30203560842
-1.99038950053
-0.567492582418
4.28846956538
-3.85208122791
-1.59984766334
-1.37364185703
-2.38849024282
0.832319913929
-1.30044174671
0.10350493365
-1.37669319946
-3.88960967935
-4.75811602324
-2.43098461556
-0.426309915037
-1.7980625489
-3.22559666496
2.68279325509
-4.79431853566
-1.36948099679
-1.75236654335
-3.47904276755
-0.599362908655
-0.964000851889
-0.616040301524
-2.46610804921
-5.03880432931
-4.23212023627
-0.360697512406
0.978367245307
-1.27498232627
-3.83727401547
-4.36047601178
-4.28397923658
-1.94789473916
1.03448017691
-3.53389707503
-2.24337096603
-1.82528516391
-0.906924452077
-2.24690734911
-1.14651424507
-3.53786291342
-0.682107043087
2.61172716681
-2.31459817895
-1.00645595565
-2.51492009387
-2.78251365568
-0.257823491473
-1.82893311899
-1.54228836998
-4.96459140103
-2.84943766752
1.24386987842
4.33215067426
-1.79613009448
-4.49633464938
-2.02546213787
1.2142327772
-2.43951880226
-1.50527873079
-2.43381005086
-1.16268027335
-2.11561215743
-3.78355665477
-3.12638000905
-2.13407395286
-3.29414206435
-3.6891393752
-2.60406431677
0.99558465669
-3.67229007207
-2.36087606987
-2.58816098686
-0.0598539169477
-3.67900544042
-2.44229186799
-2.09645016012
-1.42319538341
-2.32009713099
3.34120384568
-3.7579626616
-3.15508616117
-2.636927809
1.3699701097
-3.53564271622
-3.47332986852
-1.51995115273
-4.26156969333
-1.20291128045
-2.40533945189
-1.75385039265
-5.31904349291
-1.86573359169
-3.45593717532
-3.56487161881
-1.40205736063
-2.59754785413
-3.10732508445
-4.86182800598
-0.30640703659
-3.69437176944
-0.724037204611
-1.13322523117
0.289726641084
-2.72717388164
1.39813622094
-5.22027459143
0.33392983116
-4.10293800521
-2.76747209707
-5.12653770857
-3.13889682406
-2.89024368893
-1.77017608877
-2.12267717462
3.6295903696
-1.12484618718
-0.214979844877
-5.77169439775
-4.84520685215
-2.71766024689
-3.50760413484
2.92777668628
-1.67256219632
-3.08560132534
-1.4010029001
-4.80421517838
-4.13310498213
-0.34348487813
-2.17884762057
-3.18431958995
-2.03967227038
-2.40230007883
-3.31704297732
-2.29459232074
-1.40285332165
-1.56815715544
-3.38829740238
-1.70208484625
-3.99712109837
-1.54736435423
-4.13359858633
-3.45688787491
-3.71664642479
-1.66332861434
-1.61041416689
-1.76706070529
-1.21816934166
-2.51349648261
-2.08474580429
-3.93038319956
-2.66159682473
-2.91469325991
-1.15625475995
-2.62243336643
-3.33712107267
-2.41533446619
-3.18077330313
-3.52716921266
-2.19700654319
-4.96437740434
-1.59720490923
-3.29531786436
-2.32563550362
-1.63403787168
1.04416562272
-3.13370319354
-2.66502649088
-1.67492077914
-4.091072458
-1.96948128382
-2.66400503894
-1.0733680981
-1.4163566183
-4.49162194018
-3.63441908365
3.88035415861
-3.31901005866
-2.32084412023
-3.46120148083
-2.96805018571
-3.36987982664
-3.03362852364
-3.60166726691
-2.1642757709
-2.1750633007
0.0614563862362
-3.12046239415
-4.00037277721
-4.89302647886
-4.33964875824
-4.48337006296
-1.57947015089
-4.7765186745
-3.64586271134
-1.60226011201
-2.52921088157
-2.35853750194
-1.14625491956
-5.23785956742
2.12904899861
-4.03691778826
-2.28611313967
-2.40614273761
-3.02899537
-3.79627351574
-2.55431868734
-2.26439339463
-2.57196071224
-0.468585956838
-3.68549210099
-5.39222954975
-3.99210019906
-4.10334661326
-1.4115691234
-1.52599473599
-3.59860871719
-4.33846778564
1.05046701663
-3.474728277
-3.15074738612
-4.63269183862
-2.24000588066
-1.98122929461
-3.90322257413
-1.53362033067
-2.19362219776
-2.03265023504
-1.11283870615
-2.17195409062
-2.47888182731
2.6764296808
2.21215418134
-2.65182386177
-1.854534869
-2.92489963565
-4.97777713342
-2.29176561891
-2.34485843649
-4.95680542917
-0.799323356717
-1.850740258
-3.02721668347
-1.06000779225
-0.257067060977
-4.52679739449
-2.90937747649
0.0309322619294
-2.06256463512
-0.854704983078
-2.40930965086
-2.66686761629
-0.799061295361
-4.19793557827
-2.98125431938
-3.39333728228
-1.90643071084
-4.0555835395
-5.07771097953
-3.50890366552
2.01603485789
-1.01903138081
-2.92656743954
-0.859054689178
-4.33724314646
-3.14364898836
-4.95139962981
-4.75471065197
1.46510944208
-4.60638068711
-2.49466013848
-5.51243578636
-3.67649010466
-3.99129727094
-1.88663060963
-4.4059005057
-3.935041573
-3.55166506923
-3.93200947349
-2.91824851793
-4.71154664303
-1.56807219143
-1.33417169813
-2.17466591879
-1.4584545457
-2.73735939336
0.669887216024
-5.50292287072
-5.20278134742
-3.22657766985
-1.71292256856
-3.48245985981
-5.38566233837
-4.12582703203
-1.80110667702
-3.07043577892
-3.57870999899
-1.19006833263
-1.99185577516
-1.81496826315
-4.24921369656
-1.85575370271
-1.45130282935
-1.62668213245
-1.98510481071
3.6052632769
-0.897149656187
-2.49071948578
0.639252565096
5.46785226646
-4.52197399737
-2.60204082105
-2.55380546744
-3.11254862636
-2.02411542138
-3.1278904028
-4.20416154993
-2.18582718686
-2.47874934471
-3.02818966583
-0.986446857415
-2.65448511257
-4.57666764223
-3.32830823931
-1.81382761075
-3.44664857306
-4.53773888951
-4.23303365077
-2.71829063401
-1.93560893694
-0.966091349187
-4.70506807331
-2.69956492259
1.8210545619
-4.31427877229
-3.85482967834
-3.30258209628
-1.86709711295
-2.63944711221
-2.85675893048
-2.60349113403
-2.49179101787
-4.76033021714
-2.37905159671
-1.89979214823
-2.93230596673
-2.06231734245
-3.26445649361
-2.42837665703
-3.83663121141
-5.05498458236
-2.47545259949
-2.12768320858
-1.58717110112
4.65728918292
-2.62093606833
-4.53295351552
-2.86944897404
-4.48150591093
1.39105104813
-2.25587437002
-3.75048500255
-1.8974123417
-1.14912546751
-3.23195446943
-1.14802214908
-2.00663637389
-1.30083323798
-5.25791209352
-1.14225990558
-1.99128505208
-2.36025744618
-2.80318636312
0.308005052917
-1.27645138712
-2.2608278497
-4.04902038616
-3.85673890197
-1.88141672653
-2.31869653414
-4.95238344133
-5.17251753515
-5.05766426883
-1.46337324864
-1.58758357766
-0.253095359686
-3.1980220838
-1.37160925225
-3.02287095709
-2.29676656729
-1.09149643162
-4.84403324559
-0.781215191143
-2.46321174405
-1.92375862559
-4.34169431565
-5.2460905579
-3.09480109813
0.812309528416
-1.87680814718
-1.16289118581
-2.30351528005
-2.14940174829
-2.60927195811
-3.355113176
-6.44836783649
-3.45626734037
-3.24471706624
-4.78684382169
-4.92204394089
-1.614166973
-0.427989542532
0.272892640591
-3.81287434199
-4.50944179412
-2.21277030466
-4.44291778266
-5.49356502537
-2.11144220838
-0.306579608969
-3.53482573575
-4.6525414447
-5.39234465806
-5.45487281071
-2.47610447382
-1.23501994624
-3.91383177681
-3.43896665304
-3.45474238267
-1.39342844106
-4.07391635885
-4.47596022313
-4.83337684984
-4.02085425396
-3.82683081981
-1.36202974997
-2.5711106303
-5.43154665364
-1.82095385672
-2.04570824936
-4.19667862584
-1.19710288271
-2.32098977264
-3.41002808819
1.56934426211
-3.28260650418
-2.13719300978
-3.34311746442
-2.37358214055
-1.22050868134
-4.1696033711
-2.70681137322
-3.48321034136
-1.88222311544
-5.90930441078
-1.71227041826
-2.77453484805
0.593149753335
-4.11263352601
-3.07016060313
0.122368517854
-4.69380934732
-0.615880388098
-4.65440488453
-3.70158300956
-3.37304858758
-1.92863617864
-3.81744879429
-4.14351393153
-2.24959092309
-5.01115799371
-2.27802738721
-1.71598657476
-4.02115019341
-3.59208686459
-1.07790513366
-4.70407729735
-1.282597592
-2.60423555119
-4.30353861304
-3.5406645806
-2.88972606079
-3.830657893
-3.36704978244
-4.12795769766
-3.88169851354
-4.34203730833
-1.11123002876
-3.10538668356
-0.987257849904
-1.06391248782
-2.07678693296
-2.52700588477
-4.10601203752
-3.66052301555
-3.31012330769
-3.74397149494
-2.87635950524
-3.47079524561
-4.82000469265
-4.12205908629
-4.65132912872
-1.61240460876
-0.809848706743
-2.94479268446
-2.75845390082
-2.87000231298
-1.9134146411
-1.43825552759
-1.18824436008
-3.56854248356
-2.19586088886
-3.39222544434
0.155967542377
-0.559025187168
-0.825322757519
-1.15774368233
-3.20004217021
-4.47484406245
-2.84681079393
-0.875158600096
-3.18447050755
0.408038402164
-1.97882137864
-5.39235484887
3.6863664019
-0.15111920156
-3.62601019483
-4.01736152743
-2.16982204961
-4.75308585898
-3.30248089936
-3.8658363889
-4.559533822
-4.16172625886
-2.13714345528
-2.63510853034
-5.58973169602
-4.94027196073
-4.55891898244
-5.44301222026
-0.154775770482
-5.01051371543
-3.38069136192
-1.13169924051
-1.29988496886
-0.986405997815
-2.90985308964
-0.60965836041
-4.32785058328
-2.7778719599
-2.29378442679
-2.83317680935
-4.6458067061
-3.39804985685
-2.43126202311
-4.55072896068
-2.6993223477
-2.14295813815
-1.49697074062
-4.66274875532
-2.57930025349
-4.95222658631
-1.94786596198
-5.11976831395
-1.02526650636
-3.52600579503
0.990793540546
-3.38465897334
-2.56260342958
-1.84106737458
-0.675000892617
-4.09600070512
-4.43468413917
-0.513665638897
-1.23035809223
-2.97273960672
-1.96369909298
-5.01736911317
1.41808106234
0.711209494439
-1.19260886302
-5.7398077026
-1.24034978391
-0.184514764535
-4.12204564255
-0.38467291407
-2.45383172843
-5.49086175156
-3.00658992958
-5.08942774588
-2.44519870237
0.190612466462
-2.6170752795
-2.45425270025
-0.669229598743
-2.41180490087
-4.92543313311
0.287365173264
-2.95420165313
-3.74054916281
-3.10821280684
-0.498451642178
-3.41511783793
-2.65340570293
-4.11080169139
-1.42002092364
-4.43365966527
-2.36127329904
-1.66588196615
-1.9332432369
-1.57005744811
-2.37634123975
-3.58216895642
-3.04625216897
-3.11320657673
-4.51795485548
-0.521878808978
-4.27353537408
-3.15471069246
-3.25938158306
-1.36654278421
-4.59138634389
-4.79066625488
-2.20353714244
2.11372974062
-4.15903586407
-2.2525910021
-3.56485967592
-3.17076855969
-1.24330742469
-0.363994777392
-3.93478225325
4.13963550152
-4.24339320419
-3.30674557221
-4.02989992992
-3.8845434333
-2.30069569806
-5.06103547453
-2.81145332638
-2.8127077764
-2.75419475958
-0.964759487872
-2.69480660494
0.702774102927
-0.39641271605
-1.50875340511
-2.78280694678
-2.45092935557
-2.81197302774
0.16156948491
-1.89408012715
-2.57016374892
-1.8150545116
0.910200923851
-1.94984986858
-1.11777858227
-0.381129958994
-3.62702424916
-2.51350260065
-3.44740820915
-1.21341170509
-5.03135885881
-4.61464106331
-4.06759480729
-2.28914270022
-0.934952605372
-3.18976704005
-1.34023232037
-4.43634854916
-1.28503615315
-1.55163969702
-2.60424022248
-4.62031062917
-5.20262731247
-3.74264036186
-2.40290858302
-4.41367710369
-2.76301613813
-3.53982968686
-3.52016983509
-2.06364626887
-3.79813223876
-4.01638993184
-3.58972997444
-2.29245169839
-1.23093687975
-2.70473057527
-1.26062998179
-4.05644847762
-0.576957261237
-2.07753646194
-4.5498329975
-1.77479480421
-3.26221252377
-4.43299430785
-1.87393056138
-1.69950843889
-2.65385838095
-2.29272711326
-3.82369140707
-0.565770847044
-2.61533653186
0.939719364165
-0.411422644205
-2.12013357145
-1.55237042774
-2.31049734958
-1.12557709786
-1.49058037387
-4.9649891675
3.03702308335
-4.27135187484
-1.89710288844
-2.08965795655
-0.184957513132
-4.38425979436
-3.41591141099
-0.802376049756
-5.66805678863
-0.387226552126
-2.49319375309
-1.99850078069
-4.09472220253
-3.54892141362
-1.33944390808
-5.13785965558
-2.52905767438
-1.43075855973
-0.935855959473
-1.70309446559
-1.48472671736
-3.83465844569
-3.52291417734
-3.72004094229
1.84422185137
-3.38914933249
-5.44300590917
-3.2100377083
-1.37986458708
-1.32755068394
-4.22372429743
4.16604144653
-2.05196767943
-1.31195582092
0.144034400816
-3.68023880814
-5.41538701276
-1.44387355522
-4.69935614412
-1.25630170281
-0.526114925358
-4.6999707704
-2.72485013551
-4.58324808674
-1.5897136279
-3.06287998888
-2.48942589789
-2.72592250343
-1.4032254404
-3.72796019556
-2.98682801707
-1.64279611301
-4.49923241344
-2.24152614279
-3.85996659756
-2.536094637
-3.15344427475
-2.93559729908
-3.9337566845
-2.69208203703
-5.33718501141
-2.26905491223
-2.40174785915
-3.01832041945
-4.87820872685
-3.89837089621
-1.80808466172
-2.20968717902
-2.64208275633
-2.42533514711
-1.92731018923
-2.85291663683
-2.00295113881
-2.44690895669
-2.41224078572
-4.16242484758
-3.70171524074
0.590460281062
-3.13921802119
-5.05335153585
-4.51130599819
-3.97086831859
-0.611962046226
-1.98008607858
-5.45826078975
-1.46446081852
-0.606414600593
-4.19266313805
1.47189442513
-0.984548609071
-1.69447442469
-2.58689841067
-0.483441038399
-4.44411513133
-0.978432280589
-1.42879676076
-1.94765729984
-1.76074886924
-2.72273751188
-2.30962018055
-2.06748218565
-1.73840045052
-0.467967153478
-4.63245652602
-2.62559249529
-4.51414487989
-0.982784566501
-1.8697563756
-2.17260063285
-1.93481230255
-5.90148862535
-3.31173194803
-1.41720718521
-2.88550162318
-3.54690458295
-4.11642189024
-1.91944414278
-2.951080169
-1.00733799297
-0.951420366099
0.755608839612
-1.14527940051
-1.0640461427
-0.399321697504
-4.67421755889
-4.11253194368
-1.55527733578
-3.29583491612
-0.525324086029
-1.43180264076
-1.59647791553
-2.73064847318
-1.76946597499
-3.03335411205
-5.01449069185
-2.61709395599
-3.41731997459
-1.15761658459
-2.4438587354
-1.464201616
-1.85034112583
-2.34925492596
-2.91218934078
-3.39881502097
-1.19180110381
-5.20178994936
-2.22653280752
-1.74402549342
-2.59537276017
-3.14408973372
-4.58403457954
-5.01961751536
-3.91957498447
-3.47684769978
-2.98081153008
-0.858287047003
-2.84800969213
-4.14256017608
-1.12499808666
-2.92765570881
-3.80900170031
-0.0363386579477
-2.38103976048
-4.34545660018
-0.0905931820492
-2.71862601379
1.00032235007
-1.67963442103
-2.47372021142
-3.55028773655
-0.0545852951947
0.347040377116
-4.17419098376
-1.28755951761
-3.64188409396
0.47935032317
-3.77082036469
-2.08414799384
-1.45125326784
-1.39098010724
-3.25798194611
-2.09745501503
-1.33849694224
-3.9823184466
-2.18366295152
0.336752549406
-4.4258841203
-3.9499535651
-3.56124422901
-1.66355186396
0.193153755318
-2.37046539426
0.0816192406582
-4.39648694079
-4.85685886794
-5.25014917701
-1.05964441752
-3.58059810737
-2.3295120509
-3.65518464256
0.7987683754
-2.19178961658
-2.51092703499
-1.05774310403
1.13897829304
-2.24262042984
-2.62238204532
-3.2817873701
-3.54077956544
-0.55282570865
-3.20544696437
-2.3893678385
-1.72626185703
-1.72113659029
-0.386912075184
1.71628574767
-4.40946482784
-2.92647662875
-1.19524553426
-2.53504972655
3.52388034691
-0.904662092928
-2.219439743
-0.799419928485
-3.72404939438
0.70213567117
-5.75876562436
-0.88307115231
-3.65981204933
4.4655199251
-4.52480935635
-1.55452369037
-2.02215702165
2.15860269797
-1.70572797607
-2.7499006733
-1.99409659814
0.560181249522
-3.19305749197
-1.7901538956
-2.78184805195
-4.95470052559
-1.70627899809
-1.28593068538
-1.06756211801
-1.74291484549
-2.27670765745
-1.23613320979
-0.923272527895
-2.37433839355
-4.69341224028
0.751769282064
-1.73061981298
-1.55184774209
-0.7077729281
-4.05650184198
-0.400231501472
-1.18829317437
-1.46250682796
-3.57863952922
-3.07730229426
2.19697611848
-3.33439814867
1.68995919372
-2.92781211529
1.98685438809
-4.43398698205
-1.12738249868
-4.83445618869
-2.46787284441
-4.49181739168
-2.78600288097
-1.30602814719
-2.0585427163
-2.93158545036
0.883532338175
-0.286644768215
-3.06757776694
3.14096127399
-0.817055470004
-1.23332006153
-3.68847657141
-2.25274257119
-3.48050314489
-5.16926094861
-2.09393567112
-2.20336555336
-2.97513750839
-2.08983819805
-1.26444246918
-3.30714480869
-1.35979032476
-4.14599395624
-1.00594781035
-1.5818847844
-4.00541668576
-3.60305001349
-4.2275730763
-3.14341693071
-2.12496097763
-2.88298299834
-3.47926545368
-2.30717446502
-5.4185340219
-1.06049494204
-0.710251379984
-3.74598220792
-2.74596252231
-1.71888406071
-2.90444939488
-3.32876457894
-2.69890088352
-3.01349592335
-2.19178005332
-1.59248323628
1.65300242322
-3.30841880874
-5.39182208112
-1.76853755555
-1.58178665764
-1.24104906415
-3.25466408427
-0.352125981814
-5.01513075008
-1.23299386906
-2.72160513869
-0.581696733924
-2.03608383207
-2.42608983268
-2.69029470377
-4.6448361811
-2.30083229383
-1.50400873232
-1.56210913135
-2.3012789068
-2.89371102751
-4.79588997652
-3.88531748
-2.34716635468
-1.61108390379
-0.293698045263
-2.52390769711
-1.05594642254
-4.55099387147
-3.59711240601
1.5748584347
-2.56188599217
-1.21499716815
-4.93933307113
-2.37666824822
-3.09185536493
-3.37978952308
-3.00289446058
1.05871645562
-0.980469517465
1.40273549417
-2.07814075493
-4.36886467338
-2.05924471375
-0.732426049934
-2.06418269352
-3.96225070928
-3.05931649446
-3.09623736959
-4.61313239406
-3.05859233776
-1.02441871214
-4.56976340604
-1.34808358519
-3.59752157378
3.76227208556
-4.95575588061
-2.00127868466
-2.88693237775
-2.16444706713
-1.09156474237
-1.06527696417
-3.40772074458
-4.11390597625
-1.28251670078
-2.23770050184
-3.30729471547
-2.39241987904
-1.48367775974
-5.46696112765
-1.06903894859
1.80811796206
-1.50519041659
-1.17153387272
-1.78078356989
-2.76920290807
-2.00761355726
-4.4296370469
-0.338184462746
-5.25397157384
-0.370447230209
-4.71883342861
-2.39255755028
-1.08806791693
-2.49882391768
-0.699097047566
-1.69133873079
-1.89777538817
-0.870280888599
1.34555169313
-2.55605961015
-2.36952643529
-2.71558008188
-2.70220796685
-4.14330261143
-1.84516872118
-3.08955927622
-3.34546958457
-1.05426769416
-2.3081542971
-4.62821359207
-3.49327460811
-4.18810987359
-4.10228609347
3.71489057064
1.40948408218
-4.11274869861
-1.2014417607
-0.587178474551
-1.795000998
-1.97560624281
-4.90318839649
-3.97528896348
-5.87587819225
-1.54652718657
-1.5544454267
0.740577198155
-2.31348973698
-3.39678722918
-1.66192845022
-3.64801189248
-4.83282438169
0.970531252077
-1.92905008651
-1.38746555254
-4.53635059144
-2.55424475435
-0.964711988244
-3.6047743112
-3.01485752388
-1.03614976693
-4.17407580757
-1.68703593442
-3.7664717368
-4.91472321283
-1.6685505699
-1.2480495908
-5.26134200441
-2.03807421827
-3.52890042465
-4.00134760394
-1.02235993867
-2.56130515274
2.87923525881
-2.08855104127
-4.32797172183
-2.6814552519
-1.92182859707
-5.64538664265
-2.92563743488
-0.322144856449
-1.03921790974
-3.02365712081
-3.21329741593
-2.84839109132
-4.5082644684
-2.53626647341
-3.86728366309
-3.3328618208
-4.8806819089
-2.86442289699
-3.7733339376
-3.53974938798
-3.36448155505
-3.38310492504
-2.63819544946
-2.56453936123
-0.956200158792
-3.41816319272
-4.02858302872
-1.44168263102
-4.80414578505
-3.56170981213
-3.1913279401
-1.57161571684
-0.955975022979
-1.3311370021
-2.02330820084
-5.73973871735
-2.58115071442
-3.3698374273
-1.90067815103
-3.74208976064
-2.43504896865
-3.22484847814
2.56217924877
-2.35645349037
-3.96870813885
-4.47005479847
-1.15972139282
-1.96580193007
-4.82018660127
-2.31560244934
-5.61315962488
-5.12331686548
-1.57375670815
-3.44295163998
-3.73074011878
-1.69169529748
-0.734110089833
-2.89345778074
-2.32430139503
-2.79514890764
-2.6122369502
-4.09883411303
0.70392637384
-4.18079114703
-3.66998191083
-1.90635726029
-2.71397260642
-1.55546462081
-3.20871459036
-1.75369798914
-1.5460251458
1.5558882488
-2.34916267519
-1.95255914408
-2.28355994116
-1.49036605691
-2.11675616978
-4.2948528027
-3.18017870668
-5.18083903225
-2.94008873223
-2.6871890205
-3.43619539557
3.81324031413
-1.1937785717
-0.676586245524
-3.96538782307
-2.36602383416
-1.77044001637
0.913004040035
-2.64709561566
-3.24956844109
-2.84413876528
-2.94159621353
-4.55541188496
-2.21873774387
-1.26047273118
-1.81529737386
-3.85361853397
-1.91235679511
-0.57168085962
-2.30812705258
-4.57451937127
-1.62775465471
-1.92667022897
-1.60143046411
-0.437445355991
-2.07804270994
-3.20778346924
4.51818146192
-0.38705836105
-3.01265425984
1.4389635562
-4.66297144476
-4.34621303397
-0.995266399631
-1.60560849978
-0.763218117243
-1.74276991522
-1.26743008138
-5.26239125253
-4.94504254746
-2.6997251022
-1.54140120573
-1.35709884769
-3.69794093382
-2.37229657666
-2.35567839728
-5.6441610692
-4.47028544265
-4.60481375099
0.779705065108
-3.50204001934
-3.93504609826
-4.52840336879
-0.805094597593
-4.39083466122
-3.97508909264
-3.83616876777
-4.48694184669
-0.80772174038
-1.71579830152
-1.61667401445
-3.39603002343
-1.27034515181
-2.84771465973
-1.02740414585
-4.54922062961
-4.12027313811
-4.32206688413
-4.44575473644
-3.36765826999
-3.6476381759
-3.70715542436
-3.85723542313
-1.20312183404
-1.62430040222
-4.97139499994
-3.33933197918
-0.416967053185
-2.14275778217
-2.66908240316
-1.70396788868
-4.14317194577
-3.00946115811
-3.62646357495
0.744644876198
-4.04133219616
-1.12238126487
-3.96807953189
-3.43426460114
-4.57687031064
-0.998361645748
-2.86966931969
-2.11463262572
1.42759865055
-0.811616360158
-3.79895601078
-1.21142275674
-3.74669685574
-3.1591799788
-1.18921720046
-1.90320634111
-3.54165237023
-3.68122629501
1.27122870943
-3.58095452833
-1.27616161808
-2.49205544679
-4.80398205817
-4.73985244984
-0.867496087711
-4.73718210193
3.81363746839
-5.30167793967
-1.83143311747
-1.99522724557
-1.87764883481
-2.34229547876
0.252856254139
-1.48012710588
-2.17758528645
-4.13053354042
-2.60533083324
-3.18828969015
-4.06722726029
-1.64773509854
-3.12013778013
-2.40674368117
-4.04623320973
-3.49446636105
-1.86669666357
-4.72932204723
-2.5580982093
-2.14018447245
-5.06062237957
-1.04656445803
0.26144833906
-2.9934187268
-1.97951473001
-1.9247032634
-1.77117718558
2.08493404911
-0.826821768938
-4.41423788514
-0.486660709105
-1.72153471997
-3.23947449663
-1.53781790614
-3.80870419403
-2.22720906187
-1.3451137437
-2.22353981631
-5.14454325505
-3.49744345089
-3.21816594415
-2.46400752696
-4.56652976412
-4.95677463747
-2.79373562587
3.48892102966
4.02893754958
-2.00438716202
-1.08766184424
-2.56875933649
-4.84699264372
-5.20636510909
-2.442183304
-0.598431486636
-3.53278830973
-2.60284481115
-3.56092991095
-1.63270762986
-3.03148435734
-1.87468132071
-2.76648497338
-0.555898303435
-2.99329749299
-1.57973115799
-4.23563714597
-0.789231482114
1.39573905211
0.617383057255
-0.92106407474
-1.93059105943
-1.99294762404
-3.08201883512
-3.45881027224
-3.91837906542
-2.29033161339
-2.86088348094
-3.83411105169
-3.1239071814
-4.33870540994
-1.86941537516
-2.35943612602
-1.68795897038
-0.716392670396
-1.70093415319
-0.440251360919
-4.80292731362
-2.73520460525
-2.7634753216
-2.50270894794
-2.72056459753
-3.2578649253
-2.44282492924
1.40550906865
-2.01486600215
-2.63903258885
-3.41951903701
-2.865153366
-3.94960859049
-1.59921569819
-4.58509289387
-2.07885818478
-3.41280011108
-3.18962190729
-4.00083396401
-1.20181905432
-1.84468828915
-4.82190737402
-1.36056769498
0.280975788675
-3.26693373135
-3.9405419501
-2.2449094798
-3.75743468902
-3.27413016916
-1.89829082544
-4.03554361091
-1.58313159795
-3.76445484594
-3.31702551917
-3.68307580452
-2.92439834395
-3.82975245022
1.28195246048
-3.81605771942
-2.33425068444
-3.41740667684
-4.25173242308
-2.93263927533
-2.67630907627
-4.28307803662
-1.53961502741
1.74880527271
-5.21014357222
1.09404647118
-3.94488777145
-3.36776544419
-2.85224578796
-0.998414063059
-1.86166566994
-1.96843458158
-1.57862239223
-3.46734847698
-3.58307672514
-2.8312643974
-1.01857621933
-1.58067681056
-3.27243052194
-3.61632203104
-1.54770917724
-0.837332808382
-2.766270561
-3.98932889618
-4.34364942183
-2.79720070557
-2.05560570587
-3.41440318287
1.5721453176
-3.85271898741
-2.43831196877
-2.68489598694
-1.4883149856
-1.22618111343
-4.13682353745
-1.68118076541
-2.26118005925
-3.43989564038
2.28607806853
-4.22185093039
-1.46854064429
-3.82989780538
-3.44199730667
-4.70577199902
-2.09609682488
0.552676020328
-2.71223748453
-3.97633590831
1.77429349525
-4.94855106998
-4.02097423421
-4.67011161224
3.49959638418
-0.892271114001
-1.66075462282
-3.20010370948
-2.51636794396
-3.61942932832
-0.316625219317
-3.39800335599
-3.45647418771
-3.61594436275
-4.24649754907
-3.22496979748
-2.60711633834
-1.82873191166
-1.78385100925
-1.74235275183
-0.185940335716
-4.12527373336
2.17363649898
-4.45719100862
-1.34436365054
-2.64957107373
-1.73733218185
1.65815444616
-1.28496354777
-4.95543081757
-2.19177945714
-0.305693941862
-2.68624989138
-2.32460086387
-4.4221177852
-4.42689788755
0.21060631049
-1.03807669563
-5.1722764214
-0.900936702265
0.554973628432
-1.2263553217
-3.13455492028
-5.08992431534
-5.1046788588
-3.49382619268
-4.63050896216
-2.03511093178
-2.77991479814
-4.03195857565
-3.45263225884
-4.58931532265
-2.91843944416
-3.48523300427
-4.62887986762
0.290565480792
-2.43521444174
-2.29503475497
-4.36248851819
-3.61685134891
-3.55708060824
-3.15619347735
-3.38264915959
-2.76265539706
-1.39793079574
-2.08994687824
-4.4078870923
-2.576658752
-1.50167277106
-1.33001179939
-1.78289235414
-1.36682839604
-3.49547056759
-1.12865829353
-4.10150789714
0.124543268403
-5.45341251975
-5.63107029353
-3.54336883586
-2.35883780732
-3.88585721208
-3.56131993443
-3.14088715712
-2.60579157021
-2.73616057677
-1.92510381659
-2.72546758835
-3.84491721794
-2.94865058144
-3.99906133821
-2.55987600246
-0.416999956055
-1.84256720447
-3.61827150586
-2.44219423989
-1.49131985065
-1.27566807819
-4.06410397003
0.270077833264
-2.50314351093
-2.75639431707
-2.2733236781
4.25349057191
-0.972895619673
-3.01094728303
-2.50354200776
-4.36744956923
4.7524309973
-1.85206902103
-3.17157461579
-3.71103889404
-2.24814721211
-3.05710097994
-4.38870948903
-1.80158318453
-3.73872348839
-5.05419276513
-3.41553583881
-2.71566477149
-4.4588199477
-1.63016040961
-3.62635324774
-1.53708791984
-1.56025367206
-2.92532954476
-2.21125823494
-2.85298798756
-2.40001729831
-1.73122030207
-3.23324610727
-3.85702941751
-2.97178778169
-1.90405914742
-1.14983222524
-3.04491242493
-3.1538101113
-0.415539414939
-3.19968911952
-2.00209253749
-1.73422730902
-2.54800280166
-2.06607053881
-0.938043249265
-3.64577249208
-1.83256866516
-3.30071807058
-4.88498934589
-4.18794425514
-4.5216540364
-2.79041327941
-4.18800690523
-3.68548096361
-1.5247450949
-3.81227978483
-3.52836978234
-3.15218564147
-1.59249786381
-1.12860623615
-4.00685009522
-3.82185244406
-3.16518513254
2.62776928746
-2.04441841343
-2.70225887987
-0.911943317157
-4.36974226536
-4.39848026916
-3.16622247054
-5.40891193092
-3.19047599227
-3.17134991899
-2.60213996105
1.95965827614
-1.14231223883
2.6406034599
-3.1051842166
-4.83240197981
-0.663298070998
-1.44921562597
-4.69945662816
-2.42523675941
-2.26202725563
-1.30670084471
-2.72844850116
-1.89547008062
-5.15550992823
-3.77050548811
-4.55709500326
-4.68593910974
-1.40140306367
-2.83577085707
-3.35532742204
-2.24905675295
-1.17133794634
-0.736719452477
-3.52492376671
-2.82747113668
-3.48556286159
-3.58972608415
-4.05427730484
-3.45783660631
-3.19264009494
-2.75119659283
-0.789751583336
-1.67364315616
-3.93899296365
-1.81749557327
-0.99025616682
-1.06987913725
-0.767331076746
-3.7618535328
-4.24643108969
-2.79806312944
1.7270851741
-4.6173500416
-3.62996217063
-2.41840744915
-2.56000280328
-4.02326003885
-4.88885010979
1.72696658457
-2.30487790533
-2.33775526211
-2.66790298426
-1.39590177857
-2.87418769256
-5.23776809355
-2.83055046933
0.0979783868614
-5.91626901587
-1.03973021469
-1.54107410685
-3.77067183962
-1.48917749661
-5.46006698842
-4.15658468507
-4.36098398477
-0.935209191479
-5.16255239163
-3.73666308038
-1.64639695886
-0.211981416675
-4.91386673741
-1.63375064821
-4.40581062348
2.54578603123
-1.34944091905
0.755285649543
-2.45132794012
-1.25448287573
-5.02192231278
-0.775560872839
-2.04940775272
-0.0630601199906
-2.14208795206
-1.03547013668
-3.74057557663
2.1497948478
-2.39374768229
-5.74767106412
-2.83712138226
-4.20197007302
-3.78406866199
-3.33157082737
-1.92776834201
-2.60568395583
-2.35431789905
-0.51623257118
-3.65872667625
-4.67576362734
-1.78748425829
-1.64640064251
-4.5095634915
-2.7345650794
-1.66512942653
-2.38110449971
-1.14979633995
-2.36592453105
-4.51877400331
-3.85578381722
-3.15787066499
-3.39979373373
-2.88440046594
-0.208202542828
-1.07164444507
0.554661977563
-1.83335228129
-5.54453046448
3.84978024029
-1.75741026936
-3.78929671427
-1.96403124839
-4.38576909309
-1.54672606157
-2.80700198269
-4.37891826119
-1.09824574155
-2.85930148104
-3.89108413729
-3.12554959724
-3.61868239223
-0.890523768619
-1.95034895749
-2.8472249255
-1.95630023554
-5.69517156124
-3.65500179665
-2.66347918446
-0.849199651987
-1.28632946342
-2.90171923376
-2.59452843681
-5.56935352939
-4.35221933655
-4.26720986777
-3.1289782797
-1.68241753034
-3.60357698244
-1.59450773109
-4.48375320216
-1.19815577507
-4.23893099286
-1.04126885191
-5.30031904305
-4.48088232046
-4.57414398966
-1.27320741843
-4.36899264161
-1.93457346811
-0.802499042184
-1.69409620157
-2.34877196271
-0.360609855281
-3.25813620272
-1.70729508349
-2.55741447285
-2.02324393159
-4.71329334574
-5.60331019478
-3.47256423923
-2.35177835364
-4.76334821792
-2.29865834191
-4.47684773201
-1.79395406995
-3.66676315812
-1.0610834207
-1.79229945062
-1.93881405781
-2.13030664943
-3.16403245742
-2.25728292139
-4.5416319946
-2.29320477994
-2.37933999251
-1.35799196358
1.2241849263
-3.68914392734
-4.24095221215
-2.71090735248
5.52262730221
-2.65017538361
-1.4339817216
-4.14894356221
-2.85595858348
-3.732902491
-1.06024289042
-3.91045688301
-4.14856107008
-2.08029023546
-3.62599462811
-3.54416568211
-1.01459192362
-0.0434825001206
-2.70570558874
-2.31144006786
-2.12795718051
-3.05229226813
0.557874982862
-0.619365264835
-3.28909301394
-2.45097277738
-4.68973586684
-2.13951253479
-2.06778588688
-5.26131893205
-0.202986076093
-2.32106087797
-2.63497512534
-3.2356313873
-4.58820615552
-0.70427489993
-1.94490021982
-5.07917051693
-2.74200545959
-2.0273405584
-1.92082196923
-4.4288053171
-4.27538404265
-1.0679942891
-1.40368062101
0.700152075022
-4.34101159914
-2.23276841814
-1.80433827196
-2.27522003893
-1.10254628803
-2.32446245084
-0.95871996411
-3.25814192319
-1.42523394882
-5.34593835967
4.50286968208
-3.3524114498
-5.53313398022
-2.58599586518
-2.09607522036
-4.45776260692
-3.50689648195
-3.90091291426
-0.813563108012
-2.04860149629
-0.69806327312
-2.16943335827
-2.10856475266
-4.41825836747
-4.26750684779
-1.85338077096
-2.54632379145
-4.00508926916
-2.45404405969
-1.72848211625
0.25331095839
-4.07700004669
-2.78640105942
-4.1025682113
-2.33511009472
-4.29295764636
-1.57902712101
-3.92346479027
-4.62399794752
1.23422325012
-0.849298104824
-3.56624331861
-1.32557902421
-1.88421370381
-3.91581083403
-1.76497778344
-3.00989423507
-3.58432464971
-1.99768989524
0.500277555178
-1.77308161926
-3.77631391842
-1.35813988355
3.77601276352
-3.87772425191
-3.38722381658
-2.63702211362
-4.67005621645
-2.38500002872
-0.222609801007
-3.17618149973
-4.28628106374
-4.11623230574
-4.60275036648
-1.20692112337
-1.48054708522
-2.44190807349
-3.47594127872
-0.81000357796
-1.89585094599
-4.24482397893
-2.54909004398
-1.78550477265
-2.28862938342
-1.88654422672
-4.2856026904
-3.78099370443
-3.86819366947
-4.84354005454
-1.98539642656
-3.55925760275
-3.85172876395
-2.24416621832
-0.989786028267
-3.33524848474
-2.36193080239
-4.29554610335
-2.22972457873
-2.11116443977
-2.14201737618
-2.63280505272
0.0221804274547
-2.7364457024
-1.09359495026
-3.3541238007
-3.37630286723
1.25234122157
-3.50389119575
-1.24121613009
-3.61961640539
-2.14231018242
-3.87621569578
1.6272782947
-3.79900886389
-2.03295112553
-2.1352757032
-0.0393278888927
-2.80065179754
-3.93030079728
-3.59263237983
1.82883898488
-1.36955471464
-5.06642790136
-2.68770885409
-2.45512542861
0.548935823291
-1.12751233832
2.99451260905
-3.84907786403
-2.79567969291
-4.31231406452
-4.20561370653
3.65357663526
-0.230103385793
3.35090522472
-2.23493290837
-0.983823867783
-5.13146318455
-3.0067079212
-1.18062870495
-3.48076526317
-4.08896552954
-2.73743948579
1.18118425976
-2.21053993779
-1.13547576778
-4.88071905865
-2.57184727823
-1.73694098297
-4.62661349017
2.22552326635
-2.36662858524
-1.19644540169
-2.89194706776
-2.84148853466
-2.56800147399
-3.4067681143
-3.28661736489
-4.16731360722
-2.83022460863
-2.76946397754
-3.68121582613
-1.93933962671
-4.97948820802
-3.5280880178
-2.83762473371
-0.61724537957
-1.88340223603
-3.5973414075
3.87434708309
-3.61125662812
-3.28122546414
-2.58126164222
-3.14858085779
-2.73591618725
-3.73927801444
-3.0561532902
-4.07997841774
-2.63331963479
-5.45042038753
-3.16200323527
-4.34617268186
-5.36254653445
-4.02471060357
-0.0624754183302
-4.81258547067
-3.04110267356
-1.59743641121
-4.58422426924
-3.68891669866
-2.78011127607
-3.13172351748
-0.422890278173
-1.77256009399
-2.47185568232
-1.33457248763
-5.03492089018
-0.994178817571
-0.901097521698
-0.740668498251
-3.96883790907
-3.46643071612
-2.0478878896
-3.52382003996
-2.20565890743
-3.18753203905
-2.54662661158
-3.90451225559
-0.314885578556
0.0221986066394
-5.23320722796
-2.89882439234
-2.97319108274
-0.409668421869
-1.7318231575
-6.05401354982
4.35300151595
-1.71081473627
-3.66106050054
-3.98296098414
-1.13216138848
-3.81689521777
-3.33264505553
-4.51281434522
-3.59293998722
-2.1112872766
-4.09045537545
-2.40383981194
-3.10273940919
-0.278362666014
-2.55314362807
-2.66136897251
1.61057826036
4.59194301772
0.482420614026
-0.948027827978
-1.46498350524
-2.7426926112
-1.36859683791
-3.99476622935
-4.70568095344
-0.489732518766
-3.58375338632
-0.620912447203
-4.49190515549
-2.09504055373
-4.75950326359
-1.23599909144
2.20494883068
-2.28652455854
1.93773328858
-0.217282165131
-4.27435777429
-2.34656610261
-0.441323856777
-2.39531786957
4.21102382928
-4.18622197107
-2.87883888604
-3.69082518694
-2.60954095362
-3.06102724232
-3.96703594986
-4.14400688166
2.62091980422
-4.5252590326
-3.94970426733
3.85103122831
-3.19162716939
-2.07189632128
0.975665076029
-3.52017873161
-4.97529325976
-4.80395657721
1.38033465982
-4.51012696062
-3.27521047678
-2.55781425432
-2.61484027544
-5.12633723597
-2.65050170547
-1.82803610027
-2.096950376
-1.68934377654
1.33052156284
-1.54108086896
-3.25608386258
-1.17844038318
-5.50638264952
-2.51419020871
-1.8641773853
-1.68147885827
4.19007876147
-3.94670369565
-2.29054748899
-3.62926746991
-4.38690031721
-3.26601498866
-3.45936887745
-0.242234573569
-2.72199236251
0.13517131446
-4.87260382899
-2.29764123435
-3.12118740809
-5.08192678137
-3.7992162428
-1.55773553718
-4.30020644485
-2.48307738371
-2.52464470236
-2.13076972723
-5.40651529894
-2.02620909946
-4.77402762468
-1.91426925689
-2.91127163357
1.18375243861
-2.19730391553
-0.356013674085
3.84205854292
-0.57515647581
-4.76178069792
-2.89697956635
-0.675017473326
-0.998923181067
-1.56526532852
-4.30978307645
-3.36517108629
-2.85677054169
-1.90527587854
-3.93045252399
-1.11621187734
-1.74886541035
-0.999623790714
-2.58849851963
-4.54613243467
-4.02788645215
-3.58862528693
-2.33640348958
-2.27894618648
-0.758421145956
-1.39296310568
-1.35830500597
-4.73082075828
4.95472534282
-3.24376462088
-0.622739482459
2.46111693962
-2.49967739592
-2.74916039986
-3.54391367112
-1.52865503624
0.974326634596
-4.60225657562
-4.1393418454
-4.26684311139
-1.72600642399
-4.38400474885
-3.09827608651
-4.71816405283
-5.10259845311
0.216804281093
1.59001019827
-1.56589915843
-2.3212318424
-5.61334333834
-3.40384251454
-3.52542701169
-0.460823576439
-4.63657401304
-1.38515925224
-2.11497971145
2.26199455611
-3.55761152252
-4.62631252335
-3.07722275898
-4.61216269758
-3.64071277144
-2.10597152059
-2.52721035972
0.457774576191
-4.02607506074
-3.84331346132
-2.76193197477
-4.99366602939
1.10054191005
-2.70563827815
-3.37398710577
-3.13286426153
-4.90313928276
-3.53609715853
-2.98169388509
-3.71458126699
-1.22056925617
-1.67128832852
1.79491476119
-1.5201300506
2.56515956458
-4.28317436158
-1.26468029927
-3.42243042108
-1.43066101914
-2.8167526153
-2.80165459175
-4.24381502088
-4.64577606963
-3.4031686807
-3.0881313978
-0.622794531471
-2.71647178309
-2.81061823267
-1.38099621452
-2.52016608244
-0.841458794143
-1.62069121091
-5.00306996712
-2.68508676526
-3.80327671733
-3.9034941242
-1.22100651555
-1.9478607283
-0.24426701646
-2.84251084461
-3.6187611781
-5.08782207638
-2.06184186861
-2.53419454695
-5.52528354312
-2.39163148472
-1.90103409717
-1.89268698834
-2.04671081224
-0.746605720598
-1.83471398135
-2.62462118729
-3.84511653087
-3.63816204818
-3.95506992089
-2.77464808812
-4.96690948155
-6.4602561019
-1.72264094494
2.59745159294
-4.31481833442
-4.08984785416
-1.37422399473
-4.80955252413
-1.93623485586
-2.35017356489
-0.60549912267
-1.57133972101
-5.19901160309
-3.61006892645
-1.77134546595
-3.61107109507
-3.16553737762
-2.35594182582
-1.02815323484
-1.2175696404
-2.47872785524
-2.03132413484
-4.8249955218
-2.03693280446
-3.4166781855
-1.04097658726
-4.56842034949
-4.2828427829
-3.09541489901
-4.09522758961
-2.90435103827
-3.72996651931
-0.531018356053
-4.09366211053
-1.61474879077
-2.94133436138
-1.63017898736
-4.47402744312
-2.86906717847
-1.08835610394
-3.18261830345
-1.8008928974
-3.09987062158
-1.76054791187
0.74351625101
-2.48875998274
-4.58026753482
-3.1327347313
-3.69492930036
2.42793586861
-1.40341446861
-0.642784021451
-2.43337647796
-5.27869652185
-4.12579667211
-2.89485800431
-2.38624984627
-1.68559017243
1.16999737437
-3.42016326956
-2.0385235927
-2.42603521986
-3.88018614289
-1.34618592637
-4.7355364868
1.89291961983
-2.51806494651
-1.77260206592
-3.209056534
-2.17073191661
-3.81897952175
-3.40721558116
-2.70628677315
-2.71186126604
-0.847566142294
-3.53124607803
-0.338312686506
-2.41096943929
-3.28784145487
-2.24637485297
-3.9541630549
-2.95518717778
-2.2310599011
-4.91157897686
-4.06929157049
-1.65552574207
-0.97256433375
-3.66069059007
-2.20471360842
-2.25692156946
-1.53500842713
-4.2571557394
-2.08911646675
-2.28832697198
-2.77731695436
-1.48152179698
-1.31243490707
-4.43688389982
-1.34593576984
-2.21637236947
-5.24140638882
0.872723340179
-3.01476516594
-3.30257827737
-5.09194344567
-1.1940375848
-2.7480078851
-0.0949075485942
1.66378970402
-4.55088515233
-2.40608335235
-1.8625303247
-2.1154623345
-0.488922260227
-3.93517389242
-3.0739792065
-4.67109742145
-1.4799978018
-4.43103832513
-4.16174830036
1.39886387424
-5.28025308541
-4.3830589055
-2.13596199817
-2.82675664848
-1.55300424722
-5.26421319121
-3.23486964057
-1.46957836277
-3.24270057691
-0.851783877525
1.16175822002
-4.46563198299
-2.89836769347
-2.48683379237
-3.59895788916
-1.62966625709
-1.71436875072
-2.22683406481
-3.54667365984
-5.38223131211
-4.55304440638
-2.60392022889
-2.648092602
-4.07585677491
-2.73279397308
-2.64224579529
-1.46950368956
-0.795214115793
-2.30607618018
-0.661880472793
3.88438216825
-1.39411597258
-3.03393435073
-3.61130745561
-5.24614542788
-3.06529144199
-4.10845289001
-2.68891247255
-0.832752511113
-4.73274641242
-0.773012692361
-3.77661266087
-3.5402337708
-2.59424257753
-3.60175883218
-3.89152558314
-3.62181359098
0.101560136589
-2.95457507608
-2.44081191742
-2.55664163927
-4.85034546323
-1.74474175881
-1.22437346631
-3.84311947537
4.23396776949
-1.22222921541
-3.61996106644
-1.82573198475
-0.712083803937
-4.21903391769
-3.07297341717
-1.09239403914
2.5211624819
-2.19967588366
-0.366292332736
-1.77924448872
0.552842810551
-3.19202187624
-4.16398338155
-3.19290039413
-1.33584130897
-0.62707754319
-1.22101083425
-2.66807741065
-4.54934651613
-3.08275786418
-1.44066847928
-2.11757360816
-3.51215189411
-3.47550543484
-3.86997995968
-0.724391226948
1.08913376694
0.966552896256
-2.17412074725
-1.60012079075
-0.824766045446
-2.98821819686
-4.05105361677
-1.43905903719
-1.57904687462
-3.27549247162
-1.79638010566
-2.43995609592
-2.58412919629
-0.364285205154
-1.76675357105
-1.10960653516
1.75689667612
-2.89578716198
-4.44835365507
-2.46571885814
-0.947982675256
-2.84138443596
-2.01077436524
-5.15436393772
-2.23738573419
-3.69632320194
-3.60387486303
-4.77256814291
-3.84746415602
-4.67738223536
-2.70552138126
-2.79477128404
-1.12609248108
1.34887479329
-3.09373404048
-3.35587475806
-4.56133944035
-2.06440355707
-1.16911946131
-5.18009976767
-1.48380395269
-4.42288321434
-2.44948541274
-2.8360275861
-1.5688303202
-4.49287738875
-3.81535632374
0.651964060924
-1.42555157718
2.39244980296
-3.31054258319
-1.94142867231
-4.30722474201
-4.4142053015
-4.3128640233
-1.6292872136
-4.01654063265
-2.32351033128
-3.33069353482
-2.69741979957
-1.72122107907
-2.48074229274
-2.84178210738
-3.85925737548
-1.23351535462
1.58084332766
-3.08946885286
-3.63428728185
-0.711635377099
-2.87559555501
-5.1459152413
-2.71343721466
-4.84925318937
-2.95413832154
-3.81022158198
-2.60632090466
-0.671242579791
-4.1503777254
-1.47214290163
-2.84026935745
-1.36267467818
-2.63291428288
-3.07703968327
-2.039693441
-5.13095361802
1.74755414295
-1.46700010674
-1.95699802551
-1.60277350376
-0.890381990452
-3.21057592538
-1.33285350374
2.37441633126
-0.776010538178
-2.34482789389
-1.49019954951
-2.57683621819
-0.437932553248
-4.21629293994
-4.31867304307
-2.62110297597
-3.23528852465
-1.08103022902
-1.50027875181
-3.34395445914
-3.78069044466
-4.86396678209
-1.17763679745
-1.5114982447
-2.77110155774
-2.62417180166
-2.37069471497
-2.02790961564
-1.96991628574
-1.09449893226
-3.85597492352
-2.02853961907
-4.33028624269
-2.14799753425
-5.67214233492
-0.525823766925
-3.64928798968
-2.65822103512
-2.66438782153
-2.77995630548
-3.62820577288
-4.00969099501
-3.82127406832
0.194313940776
-3.73971221107
-3.76902063468
-2.10666903145
-1.78754963373
-2.61170877786
-2.6803857914
-0.585277374455
-1.07234529496
-1.97914829266
-2.3021881503
-3.35464018366
-1.70377389445
-1.30497721536
-0.698025963803
-1.56079889807
2.19949686824
-2.75392764259
-4.74637846933
-4.28162905789
-2.32263671199
-2.75583085349
-1.98639580618
-1.97480173146
-2.26176688553
-2.8490953409
0.732974602642
-1.92166011123
-3.71664441412
-3.20753979443
-5.23162120778
-5.73160079646
-1.43981032603
-0.467573725257
-4.27935841911
-0.652491829662
-3.70689762793
-3.40640799536
-2.19888267245
-1.25200750915
-3.42440148836
-3.50189936932
-2.10358570634
-2.98911861472
-4.29909841305
-1.63025674495
-1.54528514011
-4.5551172817
0.770972543077
3.74290773385
-5.10794862916
-0.789490292371
-3.90574617674
-0.349504844458
-2.53289076117
5.99569872928
-2.57333390566
-1.95509550147
-3.9958467163
-2.30543333278
-1.94850121329
-1.88213604583
-3.17920464802
-3.72386006218
-5.63841550596
-2.15874218935
-5.49956994267
-5.02137110624
-1.76326589544
-1.92512475804
-4.00958415202
-5.46928161328
-1.19785656986
-5.1864217548
-0.927549842505
-4.01338348943
-0.440047701766
2.36716180455
-2.2821402322
-3.22276102602
-5.97207774865
-1.51094052161
2.15283849118
-3.62284567618
-1.78178648472
-3.02885401193
-4.05678836598
-4.57355773534
-3.74331735315
3.52292282838
-4.85726521934
-0.943932840864
-2.9386893234
-0.311033066162
-3.02479512258
-2.58838110693
-4.35998928347
-3.39972492568
-0.383594477318
-2.57513874443
-4.63997449081
-2.36635281027
-5.14189107525
-5.1045959352
-2.50079636583
-4.47834412789
-1.37331937042
5.24438592011
-5.30953045124
-2.70968511392
-0.0449870851321
-2.02990040723
-0.00449736688353
-5.11098466341
-5.00505178817
2.19934925473
-3.4464652061
-5.67833305712
-2.19195066236
-2.49451089033
1.39750367173
-3.59313707263
-1.8016334081
-0.30063449143
-2.20804519714
-1.07208408167
-0.862842526759
-2.2075576922
-3.4512958641
-2.00609501286
-2.30610047399
1.03867781161
-2.41723892907
-1.37953977058
-4.78376107893
-2.84388598727
-2.46481393913
-1.91950542226
-4.14990539271
-2.82097364113
-1.41848362137
-1.84135299472
-1.47568847639
-1.39744103276
-0.87602443464
-1.77532058741
-1.25261551441
-4.27564629388
-2.86163701369
-2.5778799803
-1.81703682138
-0.547709311639
-3.43229932149
-2.24876188386
-1.68838634082
-1.87045968762
-5.29387118622
-0.637977742501
-1.03162967618
-3.49841976408
-2.66226273878
-0.665533888357
-3.11531154259
-3.3889677262
-3.4494735461
-2.65802416966
-0.26168910128
-3.87933736715
-1.4962977607
-3.79455955018
-3.98090956203
-3.30146953913
-3.77870893475
0.695440958211
-3.18385039536
-0.349656476644
-1.86316226354
-2.56609214056
-0.801640569215
-2.37269809977
-0.90368174388
5.44610507883
-3.94465550304
-1.33884075146
-3.62011581822
-4.09998672962
0.501955499805
-2.29824267906
-5.36592135453
-1.25916165075
-3.33740961514
-2.39592364463
-0.989247771971
-0.329181370471
-3.69187791041
-3.35790606472
-2.21568448403
-2.05410929385
0.191108426207
-4.31458319553
-1.03574828367
-3.61673733748
-1.73450344656
-1.93597375935
-5.59583497414
-1.54907526674
-0.145953460618
-4.63674143427
-4.05165999307
-1.91402181398
-1.00853687818
-1.65429442271
-3.69752592614
3.77548563789
-3.81402234387
-0.0132128191167
-2.99838410578
-1.84027637955
-0.443075300794
1.21989135581
0.398862984085
-2.96297523155
-1.68681966761
-5.07520011887
-3.66896799678
-1.18709717271
-2.03712904417
-3.66450145048
-3.0547709646
1.02294294366
-3.87568367754
-4.78812208445
-2.62165134861
-1.08020061608
-0.285908004261
-0.98557632438
1.08851818009
-4.70402663495
-2.65768269288
-4.06153029973
-2.02528362773
-3.97196246319
-0.464232472457
-2.8419127409
-3.55823244809
1.25770643446
-0.868646871595
3.40389569858
-0.357578108343
-1.97571541565
-3.60054949833
-1.91847582812
-4.76930941645
-0.480582839671
-2.19141896819
-2.37204450697
-1.9873473805
-4.40150284079
-3.30098536481
-0.82477236668
-2.25359315557
0.98341568564
-3.00715960501
-3.23884965595
-1.42910850497
-2.45589682706
-1.21440667314
-4.92894655755
-2.98814991386
-1.38258392218
-3.30539285391
-1.65112620746
-1.1731521261
-4.49331325738
-2.51647053227
-4.23863555464
2.80428081848
0.863605750611
-2.55556528481
-0.223346572369
-3.24232329617
-1.81599780524
1.37407391302
-2.96702568969
-2.52493654736
-3.05131154849
-1.2990855443
-4.00183023423
-1.63732241567
-2.68717107959
-0.818152676377
-2.25812665877
-0.728011498591
-4.30146792698
-1.82273988032
-3.48998735063
-2.59464416168
-1.25836961054
-1.43885928512
-4.54745031139
-3.3925981108
-4.83330026625
-3.94858758687
-5.5882714538
-4.92511924982
-1.34970114987
-3.23701356233
-0.976207415372
-0.0215787989445
-2.97969769475
-3.76938390017
3.55436885661
-2.69534327199
-2.09835463512
-3.89205384593
-5.11020745979
-3.11459680375
-4.84443066421
-1.84974622607
-0.508739836415
-0.915339162455
-2.38480823978
-3.95210819441
-1.9834406513
-3.83456197214
-1.73568419069
-5.73604142105
-4.87571599386
-2.45120414666
-1.44244786758
-1.34497006765
-1.37894472249
-2.25942511797
-4.22822655097
-3.79139430846
-1.17132836415
1.10619195474
-3.86806430204
-1.6707578581
-3.72223034662
-3.46782302424
2.12770093398
2.56695865204
-3.36050885844
-4.60150418364
-0.154672588418
-3.04183081787
-2.57596724587
-3.75154440723
-0.753313466707
-2.6500854491
-2.55978136493
-2.52557783812
-1.86447277307
-4.11967689628
-3.47435391319
-4.64561534578
-3.01461687462
1.10699441011
-3.29280155261
-3.73130377551
-3.48370064657
0.767370254703
-3.05805431073
0.309880433814
-3.56187103941
-0.705089087552
-0.650822413229
-2.59832983443
-2.37266754037
-4.26317752811
-4.21510877828
-2.17423235253
-3.41724887393
-3.88591267601
0.800506695415
-5.20123698952
0.772011570343
-0.296838754918
4.72521871217
-0.234435473515
-2.48054154613
-6.22647401424
-0.583432217239
-2.15140683782
-1.47639432484
3.23911411893
-1.96587986633
-3.58943238152
-1.29239221026
-0.0817047348755
-4.29082580403
-2.96038135836
-2.4210821006
-0.53251728298
-2.09952100999
-1.69033819044
-2.80978609043
-4.623877151
-2.59630691968
-1.51334974351
-3.50990137659
-4.74984093156
-0.587055307513
-1.64359431687
-1.52601832752
-3.24476261486
-3.49984241873
-2.6453050529
-1.57991582071
-4.45956097153
-1.39604890114
-4.38495071983
-0.648924612632
1.25794545094
-1.78511503171
-0.4817057698
-1.71926178385
-5.02037920457
-0.542247294569
-3.85944335246
-4.6906512735
-1.78751429479
-4.52292020882
1.54175928403
-3.34944858969
-4.49639013383
-1.16061431874
-2.0879173489
-2.96942741974
-4.90834505222
-0.436712695059
-0.688457614448
-1.90491956435
-4.32963842721
-2.76992321592
-5.58034867193
-4.77770085292
-4.21247814594
-3.68471084751
-2.06444728774
-3.8268505552
-3.40551355297
-4.43428140324
-4.68734597876
-3.84945887693
-2.24123779684
-2.61522718439
3.14743565853
-3.73648707014
0.0911064222287
-0.0957374512385
-2.97283844292
-4.33448245321
-3.32164868902
-4.39527675326
-1.83504125922
2.68442375529
-3.93369556489
-2.79443223531
-3.72978642377
-6.28509155655
0.127300176041
-2.19261992923
-1.17478799553
-2.13460811778
-4.3258064626
-0.521228297514
-1.79938703289
-2.39484521041
-4.34530472586
-3.21870361987
-1.959426841
-5.11344096695
-4.6963311068
-1.24093620176
-1.16015808237
-4.16950603267
-3.12802430189
-2.17449312437
-2.87195090354
-1.43979950651
-2.5285729071
-4.22169418026
-1.16636481246
-1.72477037595
-1.52813238326
-3.78877456327
-2.77151420524
-1.85896485547
0.459532891825
-1.33203687807
1.64843570993
-4.00560733077
-1.41949228357
-1.56747145292
-2.88176295549
-4.12029323358
-0.430120694436
-3.15163880109
-3.30291216588
-1.35195309907
-3.1508207884
-0.543339581421
-1.11650871832
-2.51499920464
-3.43617345708
-3.81596111872
-2.75798726091
-2.31151655402
-2.33706543225
-0.628846302041
-1.19206922042
-4.62196703661
-4.08626377858
-1.20667473528
-2.46241881081
-1.47883071021
2.17609137892
-2.98409303334
-2.8162564902
-3.485316563
-2.30406761275
-3.90322670996
-3.15229412885
-1.86222705857
-1.97951722069
-2.38858503407
-1.65945449382
-1.69158424928
0.757640354897
-1.32360013375
-3.7781184856
-3.76728491974
-1.46971822242
-1.97455027082
-1.22589353307
-3.69957415346
-0.979944608429
-2.08809088254
-0.3955014591
-2.42682588643
-4.87600526401
-3.35607561295
-1.65188889377
-4.31862713186
-4.78420185637
-2.6147868856
-1.93360531535
-1.16837165332
-5.10012409444
-2.83860570973
-2.9868411332
-4.76032028465
1.04439332188
-1.4971346994
-1.78137728273
-5.16661012279
-1.27001358026
-1.7740964847
-3.88854962887
-3.83525922563
-3.35492989437
-2.56732738836
0.111960130603
0.18248324673
4.73783712014
-3.71813622052
-4.09816598109
-0.772797032561
-1.399618204
-3.42484740174
-4.02016350019
-2.72344755203
-2.70081509475
-0.924021776621
-1.04566838508
-3.99038556891
-4.03392545045
-3.72504196085
-2.48935793283
-2.85226872325
-1.15703621079
-0.898884143297
-3.77566394097
-5.01727473982
-2.82551135974
-1.73742745015
-1.81831534015
-2.10389682438
-3.46182477825
-3.7747898882
-1.7927313403
-4.93343454459
-1.83721709148
-1.52566904664
-4.23859627841
-2.27816536445
-3.18727192076
-1.23466562836
-2.30890948896
-1.0902887511
-3.67600683909
-3.39550329036
-4.51530789116
0.565850510663
5.19812227535
-0.850179076622
-5.24778107855
3.35432928223
-2.96144591222
-0.541979570201
-1.56612328764
-1.68492570036
-0.552242196106
-2.07422817637
-2.58029722143
-1.85643661149
2.72128655916
-1.35147560507
-1.39827131779
-0.893369899899
-3.39409870175
-4.74299094775
-3.93237165528
-4.5840930186
-1.31731214019
-3.36262842522
-4.91729281438
-1.66302533002
-5.05343545322
-0.294127667777
-4.13693466598
-2.42705828469
-1.91305286339
-3.09030621043
-1.76384689337
-2.25219025082
-3.56655109531
-1.57654479188
-2.61427934308
-3.77936932859
-1.4579556151
0.230670707188
-1.05712398947
-3.59004590666
-2.53949127614
-4.63770908577
0.681559064194
1.21843320498
-2.09123151842
-1.87406798901
-2.79164995978
-2.88477687329
-3.19524719718
-2.63579624943
-3.19795869382
-0.111093640658
-5.17421132412
-3.4203516607
-3.16358574804
-2.87525936089
-3.6385706099
-5.11475296888
-2.32499797506
-4.78672449774
-2.5562187307
-4.20725414718
-2.46494103008
4.81089986992
-1.97541388021
3.71519106927
-1.77857784336
-3.65743980857
-3.86274506735
-1.56604563126
-4.59955292224
-0.314069649741
-4.11362590824
-4.04015117833
-2.98156766713
-3.7154919713
-2.97963700322
-3.06806464627
1.88100643296
-1.68581152878
-4.95380365343
-5.11689511994
-3.68735079559
0.96409870808
-4.92455833147
-0.690314540869
-4.23150673677
-3.32224822257
-3.32657930234
-0.458122796516
-4.57696453764
-1.42572461844
-2.00440070971
-3.66392621716
-2.06307396977
-2.32602868439
-5.33549677668
-4.38121456948
-2.87476893213
-2.21199013082
-2.4621445759
-2.15276471366
-3.96922593535
-2.54375793176
-3.6465134844
-2.26667535168
-3.07242647024
-3.60806649032
-1.68764892301
-1.6576012043
-2.83691599479
-3.16874736397
-1.03705801516
-3.11845541493
-1.94829542153
-0.658735835855
1.11817774199
-3.5468738481
-1.39849881257
-4.86527951292
0.395688738024
-2.68288114446
-2.49702299227
-3.46434065807
-2.9409825993
-1.74538980401
-2.81936883463
-2.36682090669
-4.29957105801
1.59088358542
-2.96955768542
-3.10949559832
0.0190344737909
-2.393231204
-1.8497383382
-3.68609939231
-5.46845526485
2.89117014054
-3.37295760267
-3.03781743133
-4.95699292373
-0.0285561532388
-0.979283851811
-5.31263648413
-3.96888982697
-0.933414412775
-2.48018892282
-3.47473294644
-5.53745539262
-2.14005354547
-4.20697445686
-3.11459562062
-4.81712048608
-4.6971767286
-4.87604751811
1.08716548986
-1.24373781306
-0.655224122299
-1.61871833595
-1.46753794922
-3.9667648522
-4.70123409938
-2.36977998426
-2.18058626668
-2.56912290476
-1.12653271428
-5.55465648221
-5.11293414108
-3.62650733943
-1.98600147985
-0.60798044742
-3.26576878316
3.55379748508
-5.61836660854
0.441531530451
4.87649649
-3.16902438398
-1.7672096143
-5.09754723341
-4.25297641023
-5.44137481227
-2.19768199294
-4.92179337402
-1.55628720027
-0.144480913872
-3.37881429283
-2.95017953776
0.0254577513476
-3.9701570015
-5.15132655467
-2.05236744982
-3.46263808744
-2.94642855382
-0.95629566379
-4.40920303363
-1.99797084211
-4.65461671267
-3.03668631253
-2.85107181312
-5.68399271711
-2.32624221785
-4.57313819202
-2.3641616053
-3.15248421673
-2.65291573106
-0.883423306153
-1.91612226226
-3.32743753773
-4.29355897763
-2.9465534435
-4.76651498905
-2.95204599518
-2.60335922505
-2.57531379328
-1.91121295764
-2.97568952496
-4.44111083101
-3.50858085874
-1.2862926215
-5.01227171026
-3.33193583448
-0.543432111503
1.71360614854
-3.83160995902
-1.11974518131
-0.833484826118
-1.74833806486
-0.514087300145
-4.11986467047
-6.16766254227
-4.32694226239
-0.925519020874
-4.16182150514
-2.44314146885
-2.3473268415
-5.26312098705
0.922705901751
-4.70833664459
-2.91637089288
-4.31380711127
-4.63481688614
-4.87626633351
-3.63778632401
-1.101943571
-0.250293832009
-3.85766377417
-3.75504141747
1.08606343965
-5.70787378882
-3.49142860177
-3.23309611077
-0.862080610859
-3.45910689724
0.251743668978
-2.44378195007
-3.95783833025
-0.509935004418
-2.32616529894
-4.90809904598
-2.78889239286
-4.55161014826
-2.41829097737
-4.30203731254
-2.1425770422
-1.45047212153
-4.29913711326
-0.326369500199
-2.90717585562
-3.65884896036
-1.47454676848
-1.43762302427
-1.57676577514
-3.72282224126
0.858386143881
-2.04803328862
-5.48977190533
-2.67839801209
-1.95461586581
-2.13096225769
-0.365662169816
-0.71987272666
-0.993948074917
0.0227234569545
-1.92669596257
-2.03952080009
-1.85671670588
-2.80552699132
-1.35908602506
-4.59018342492
-2.65798877097
-3.89884715392
-2.59543620794
-1.49806487144
-0.960450167029
-1.84544761709
-0.598941511849
-1.92086741746
-4.49802297718
-3.24349128869
-1.30255786801
-3.1437209078
-2.00443784703
-0.188454274339
-3.48511322121
-2.49453404947
0.27690488222
-4.15211079748
-1.86345239503
-3.60594498764
-3.34871286449
-3.13719271735
-1.63486307799
1.3239923345
-5.05297476934
-3.03023728658
-5.03193560294
-3.42234150313
-2.21378105887
-5.04507212346
2.94812990688
-2.47725174628
-1.92173334951
-2.06061435369
-2.89973991551
1.66723616967
-3.4174442353
-3.62461176389
-4.37217348322
-4.12751192072
-2.87691486757
-0.0165034814817
1.57503567718
-4.94064492948
-4.64707491849
-2.2878663123
4.26921806716
-3.16899995575
-1.89863535064
-4.24084313616
-5.53639810522
-1.34299297791
-0.140343785095
-1.81446737712
-3.03262516824
-1.83748230333
-3.19193347841
-5.45794673311
0.480561242492
-3.95591600738
-2.84811285395
5.25120580479
-4.79014455735
-1.22668834553
1.40838643907
-1.15710844971
-4.34903009793
-4.65167565282
0.309249253511
-2.49085161284
-4.67912798623
-4.48759528995
-4.45513561345
-2.48510524046
-2.03286511485
-1.46083289462
-5.96993341492
-2.53485913311
-0.82858075017
-2.18378457833
0.896094294311
-2.23526781745
0.206674866853
-0.286468540905
-1.5870175772
-2.65003530657
-0.767084855314
-2.5220199216
-2.46876135473
-4.99360876813
-4.30533722938
-0.546179290876
-4.57705370708
-4.30208000749
-2.2325112118
-3.7716723874
-1.44337790816
-4.69269649303
-4.27872319975
-3.75679242174
-2.4685273184
-3.73242323517
-4.53487102931
-0.532344563953
-3.12390604606
-3.19684942105
-5.35390646526
-5.17626655525
-5.53741817002
-0.821213323377
-4.7058429422
-1.72070924436
-2.34201050831
-2.26086513514
-4.24286903949
-5.41860487868
-2.89239884511
-1.79247326058
-0.771730788283
-2.4672449392
-3.67161039533
-1.33238581332
-3.4466695953
-2.46324591229
-0.694868287989
-2.78336625712
-2.82287264003
-0.756531159018
-3.19012235918
-5.09816347768
0.0634407578262
-0.773181825648
-0.958891948986
-2.19175355695
-2.81358481348
4.09503623417
-2.47275943844
1.51987229136
-2.622910978
-2.67812803969
-3.41565847524
-3.4883863414
-4.05006991481
-2.95585493018
-1.72520129386
-4.09886301996
-3.33294919975
-2.61821441216
-2.17518661511
-4.994642186
-4.10729186766
-3.83617543483
-1.43079303801
-2.87309891071
-4.03307591705
-2.46070883986
-1.82497616233
-3.4846708668
-0.744254133337
-1.71438530353
-2.92119459201
-4.55294532744
-0.442500833246
-3.7887713369
-3.30931084022
-4.2461832085
-1.8893162594
-1.20141687387
1.09419829061
-4.19106286456
-5.1361782121
-3.27993180383
-1.76907753664
-0.874052865929
-0.987531512086
-2.22706951342
-4.06380199642
0.329303840956
1.65857189617
-3.84286612427
-3.16090758791
-1.5431993714
-5.2320576715
-1.11259782328
-2.67990741616
-3.62265395219
-3.69487651063
0.892182588107
0.0347406913675
-5.84107589642
-4.22281900595
0.447800973783
-1.63227325233
-1.18322192203
-5.68971717258
-1.29173109181
-0.872664615126
-1.17977813737
-4.75533790145
3.52106771358
-1.64327546373
-1.52555838451
-2.16348291782
-0.661858534552
-1.63526462245
-1.63479001477
-4.68252892415
-1.4241752126
1.06344194075
-1.99604172917
0.286391183063
-3.28254974963
-1.91919715386
-3.10698623551
-3.8103376172
-4.57872938487
-1.75899131184
-1.99979400959
-2.58347523332
-2.39022884034
-1.64111262507
-5.16295052246
-1.99729974332
-3.08851103793
-4.66897246007
-3.90362074363
2.96717424618
-1.7578603647
-5.10708228161
-0.437524486535
-2.54315384832
-4.98528941544
1.47212881485
-2.016540393
-4.60281994755
-3.22835574044
-3.70357277186
-2.35056378912
-0.902777582827
-3.87392094485
-2.01253963607
-5.80922069574
-2.72176764511
-1.49244422303
-2.28082898325
-3.91922692109
-5.22599933248
-2.73636354387
1.1958369462
-5.84580506688
-3.47575517795
-5.30586654804
-1.22746778535
-2.75207220679
-2.35702282295
-5.52174982723
-3.91914556195
-4.96736883709
-5.61526022901
-5.14998237554
-1.29108296722
-3.60482879013
-2.80915639933
-3.15334316216
-3.72528760734
-2.08544334948
-2.61229090185
-1.93778682961
-2.71025297943
-2.42699522273
-4.59329092025
-4.26984143735
-5.44082143978
-2.96478124961
-0.956005583339
-1.39121542612
-0.627984518629
-1.73494259114
-0.412188266001
-4.3832657809
-4.65326864259
-3.67256637271
-3.71789778332
-1.65620990652
-2.30671128031
-3.00732700525
-1.8257613202
-2.16954058462
-1.73101155542
-1.00003263863
-2.11589378531
-4.59940190665
-0.826123958142
-1.38919875623
-1.88858401974
-4.90324474223
-1.30885703276
-0.352136495214
-3.15591660211
-1.29922298374
-2.08938080608
-2.47167010619
-3.57925366784
-3.74314929851
-1.67435386936
1.15800156138
1.9342461533
-2.23692173506
-6.75906327157
-3.55774754093
-1.9335178965
-2.53374438047
-4.28804307027
-5.02158134582
1.17617944028
-2.28115043174
-4.02829036906
-4.61277316477
-3.13781148671
-2.90793075429
3.00182273965
-2.37357187231
-1.12908577187
-1.10286402842
-0.61743650729
-2.23658766771
-3.55831067853
-4.31654734983
-1.06442233281
-1.14052025228
-3.42631047212
-2.82547262378
-2.79961125727
-2.46256985211
-2.37680869216
-4.92028661308
-4.85074793896
-3.95405444271
-1.66147213108
-3.10210663068
-2.79227913732
-4.01506947718
-1.94710067319
-1.50835291146
-4.85804108326
-2.87012549809
-2.25042430761
-2.73489375146
-1.97818439713
-2.83210795266
-1.698561456
-3.52421215599
-3.27805018632
-1.53933865063
-2.1158631599
-0.71645622418
-2.45971909901
-3.53251158174
-2.27218757428
-2.19403707526
-1.83944043758
-2.2284701871
-4.87949357938
-3.29032432314
2.22743109579
-1.99830916598
-3.61320640451
-3.31037498018
-5.12473632074
-3.83439690779
-1.26712026978
-2.12835876142
-2.2621523226
-1.60510828851
-2.32077818252
-5.97370092386
-0.475606360063
-2.54619377592
3.22403062738
-1.13630192419
-1.20535777419
-3.94481327682
-5.40587594952
-1.89405443225
-0.472289428149
-1.73971757563
-1.92008798174
-2.11149270017
-4.27869242807
-2.84717323393
-2.8647461839
-2.55582377079
-5.30459092125
-4.56310002437
-1.2907134821
-5.09688323756
-3.55729604803
1.57561514605
-2.93964579453
-4.47726582577
1.90375750705
-1.15562474729
-3.28527361165
-1.39815926777
-2.6945206654
-3.07027913971
-1.6582468474
-5.31284999254
-4.01672428697
-2.41174143604
-0.65376068329
-1.87894941265
-4.52164252061
-1.61592191713
-2.21778970208
-4.01532146515
-1.86003733114
-2.65648421442
-1.70700371461
-2.0425465371
-2.89438025738
-2.24654665511
-1.05916169499
-3.98563864399
-3.18850192507
0.279891206802
-1.13209346188
-3.61034222538
-2.6319615165
-4.01560184121
-4.14323743009
-2.59794141283
-2.21308163906
-3.95344170814
-4.40510226361
-3.07000227293
-1.66364374137
-1.38157520615
0.545817584297
-3.75771409305
-1.37422130974
-3.40813506995
-3.09955494974
-3.6001279087
-0.922963894737
-2.83578808242
-1.78452697901
-3.24377018298
-0.963778719857
-1.67841542579
-0.574175980257
1.35819272282
-3.46787631488
-4.14975412297
-0.653865099259
-1.47955720034
-3.30014601652
-1.83283531696
-1.22035185669
-4.67983220679
3.43611340714
-3.67069937369
-4.7977927217
-4.6923975514
-3.97916979884
-1.50211189662
-4.77256192896
-0.724977944292
-2.21613952923
-1.71480293192
-1.0095961356
-0.128574766015
-2.40280574502
-5.23344834143
-2.22536060471
-2.76428651835
-3.54191202779
-2.2939739942
-2.20917228011
-3.62481255459
-1.30916642447
-3.93452511658
-4.6923997853
-0.341547354299
-5.32520170796
1.72654910879
-3.87039035216
-4.40839602353
-1.67765605163
-1.30420489623
-2.72566768699
-2.60796606894
-2.63018247105
-3.17224724072
-2.4371844803
-0.568901621136
-5.02322383578
-3.18442507529
-1.87722204416
-1.62180381525
-2.99966892035
-4.46361716842
-3.77370354188
-2.59231707138
-4.72879905086
4.44787354739
-2.13748953555
-0.871769009468
-1.25011889487
-0.484740496877
-4.09533375136
-4.16564919889
-1.76755983542
-1.30318909373
-2.36967265537
-4.67856847934
-2.80995450023
0.433616911943
-4.8056219187
-5.10098638817
-5.09641805673
-2.19686664161
-1.84812579389
-3.86761632752
-2.63105416569
-3.40318286895
-3.50999013661
-6.96410909652
-1.99839910729
-4.51042037764
-3.47095386338
-3.00063920812
-1.96991424941
-2.60330795901
-4.29568076811
-4.81007899699
-1.98406711968
-4.36065089837
-4.00661572187
-2.02046199623
-1.9831212497
-3.54559573493
-0.850432186855
-1.52989563594
-4.51646823912
-3.16630599671
-3.78608266695
-3.5371526804
-4.05782585794
-1.98060361217
-4.74717363434
-0.722494948105
0.726687526626
-1.89520576988
-2.34622470731
-2.24330590561
0.898332648762
-3.61562689656
-0.571659269505
-1.6002618392
-1.62847293187
-2.48223965396
-3.82042601217
-0.957111222986
-2.74800784242
0.398952874131
-3.53957578477
-3.68711571773
-2.32996295153
-2.9411150606
-3.72857082112
-5.02954981157
-3.55678703645
-4.37344650421
-1.55548325175
-3.96710844742
-4.00475112757
-1.21595796282
-2.73650464588
-4.70854172202
-3.28154201104
-0.797340820269
0.269919757704
-2.05356768843
-4.60202418044
0.326828129775
-0.181811608468
-2.90132173339
-2.95522045364
-0.60380241179
1.95101764066
-2.42308478578
-4.89959281372
-2.60766675186
-3.71723854052
-2.23683202628
-2.6609193538
-5.58707994714
-1.9548739204
-3.44984108946
-1.11669186357
-2.16243847162
-2.5765748347
-4.10021784209
-4.69779343907
-0.750456901726
-2.43321147098
-2.98425429782
-4.0622829148
-1.26965777059
-3.75899600972
-2.43051833535
-2.4351416832
1.3474582059
-1.65072818364
-2.22190390558
-3.48990299032
-2.97334313231
-0.158689550231
-3.45033274152
-2.68415269841
-1.28466069082
-3.45052282065
-1.77944600202
-0.63155757023
-3.00382335073
-1.51046018604
-1.80848424483
-2.45468897947
0.488517403482
-1.09594492449
-1.98383194242
2.62186022593
-2.14102973471
-0.73107214867
-2.23672144275
-0.350533617204
-4.16503579658
-1.25728244459
-4.91495032007
-1.06169362203
-5.865616263
-2.99790297854
-3.82830795381
-4.25771662445
1.21184864861
-3.28013150696
-1.59927296095
-3.42501267897
-2.12008504616
2.13766936857
-3.11092346243
-4.16315322754
-3.61304973461
-2.19115674103
-0.896912406181
-0.745127047861
-1.50315118929
-3.75883012714
-1.80192796144
-3.23578319028
-3.89160001611
-0.784772264337
-2.13120395577
-3.76453402141
0.823787456417
-2.92113142526
-2.52041537212
-2.60981573265
-2.45433781568
-3.10087151179
-0.0989564180409
-4.98304947786
-1.70456600782
-2.0589391202
-2.19392323484
-4.63526601824
0.927604632515
-4.65032148288
-1.07028086071
-2.38415162118
-2.42860913105
-4.53065842943
-3.61086715374
-3.63042428474
-5.13558220289
-2.88830601306
-2.71789332966
-2.72585330262
-1.04177725073
-0.87268916406
-4.49284804595
-1.53722273038
-2.84103152564
-1.89443941516
-3.66942840344
-3.63400255031
-3.98333087909
0.289307633214
-1.62276726629
-5.05939796444
-2.64893455465
-3.48479888969
-2.29947382748
-2.53452981381
-2.51390499533
-3.90293926029
-1.2870991816
-1.08139562711
-2.7744054401
-0.384235805393
-1.16962547519
-4.53495370587
4.24146140546
-4.88747390291
-2.03635803623
-1.71002732685
-1.78951750143
-1.5461264196
-2.74777968715
-3.16776001251
-0.601359535547
-3.26506641028
-0.973257224345
-0.782637013335
-1.94847777948
-1.57588351221
0.542760369867
-3.49664971463
-2.25384953896
-3.61875932212
-2.13660448984
-4.64691752711
-1.63834098591
-3.03729005972
-1.36832177131
-2.57061858886
-1.41894055522
-4.20705252187
0.963033095057
-2.43115391762
-2.90465141992
-2.41877521348
-3.1650580017
-2.56788846706
-1.44930162163
-1.96165581692
-3.05014998891
-3.9443608927
-4.7281241715
-4.77853078574
-1.41466944905
-2.11526699914
-4.19664879977
-4.76212466219
-4.0868635703
-3.56497765834
-0.93131500073
-1.42013761163
-1.83304323609
-2.00762160361
-3.64537661105
-2.91069684837
0.765151708351
-1.79417866768
-4.22654598426
-4.05571965946
-4.87029526239
-2.16181990602
-1.05427716027
-1.83995545873
2.62488406419
-3.86731396784
-0.866792728433
-4.96776900258
-3.43274109401
-3.65268100016
-2.72764042606
3.00209405468
-2.41677979548
-3.59111438389
-2.90192060882
-3.12193921049
-2.80618904665
-2.13001855111
-3.94160325313
-2.93294347092
-2.93872648818
-1.91274134382
-4.14914801281
-2.89810552186
-2.42949011934
-2.29092679245
-1.63727037614
-3.34941083379
-3.05284957402
-3.52580192961
-0.899392123179
-1.51355321795
-3.88566388077
-2.48958311469
-1.18263547293
-2.88165318783
-1.09852331142
-0.884136612635
1.90680452086
-2.13014432645
-1.73871423797
-1.31182933569
1.25789471725
-4.2796770553
-0.694486620362
-5.42753486529
-3.79791837963
-2.63298155667
-3.83283998578
-1.21749145054
-1.67468652002
-6.32616309851
-2.07014457001
-5.04489911093
-3.81219980838
-4.84183356777
-0.298068548634
-5.09554059917
-3.56764843737
-4.06084357864
4.89813836428
-3.56955106349
-3.40733160198
-2.96372631545
-1.60003854712
-2.67615681816
-4.80683819016
-2.48593091135
-1.53092651716
-2.68628569609
-0.809311156871
-2.7992855878
-3.8630504574
-0.781476945772
-1.73795547063
-0.817748286935
-3.46421353324
-5.54739484315
-1.24173420314
-1.3958850936
-3.50266550515
-1.99877972519
-3.06172157009
-2.61119719044
-4.89863987675
-2.00534662808
-2.93500377466
-4.17623051272
-1.87096496201
-4.59003183972
-1.56744818049
-2.02084930699
-2.2417061267
-3.13567157788
-3.63899705511
-0.82031724673
-3.3325095545
-3.80762305828
-2.58864728347
-2.75239089052
-2.58760859941
-4.00601502437
-2.04283045354
-0.950237643208
-1.39018948264
-2.62802934034
-2.42504500246
-1.81582570452
-3.99625607943
-2.73167748958
-2.93496596603
-3.21092272049
-2.10722568383
-4.0309824923
-1.9700861671
-1.07198917151
-3.09956001064
-2.11369433016
-3.00276726984
-3.14868875121
-4.47156593656
-0.735155314145
-2.86458155346
-4.67340521644
-1.78417725694
-3.23921444992
-2.92552912478
-2.4667495135
-5.05854831746
-4.33670590178
-4.17966093533
-3.85183538187
0.553760647037
-3.99341296499
-3.41609681675
-0.721907865164
-2.76512547141
-2.22205741738
-3.1746860426
-0.607546348193
-0.0286264305587
-2.53992794667
-1.62987244186
-1.07541416842
-0.445705804556
-2.97937399872
-3.78279000526
-2.01458697291
-1.32203505229
-3.94116029853
-3.24472024304
-1.58394541739
-1.74225978122
-0.143498743022
0.732967825549
-0.983002829067
-2.54476413438
-2.0366415118
-3.70088603169
-0.477834908026
-5.31700189072
-0.352539344763
-2.48451012081
2.02641565678
-2.86401730795
-2.53253650037
-3.16881099159
-0.64033149995
-4.05793500509
-1.37771468492
-3.01059655125
-2.89847311595
-2.21665124537
-0.0895710287664
-3.27835131967
4.9090375091
-2.61808390189
-3.96630130675
-1.20080015192
-1.82350052198
-3.99009042928
-3.66095813242
1.12655024502
-3.98185430614
-3.80848881421
-3.00998929551
0.783920765063
2.59965349028
-1.80922976587
-4.95789921774
-1.97086490467
-1.74253651285
-5.17280819669
-5.22800548705
-4.59495492699
-1.09616800431
-2.16266256679
-2.54131849929
-3.98022223158
-1.0986126284
-1.79980097354
-1.96293921805
-1.11875919003
-4.95675793917
-1.16734460658
-2.89118752914
-6.40030579962
-3.32675488576
1.33156170003
-1.53969121228
-3.11735284453
-3.81534287304
-2.19760997943
-4.73255988946
-0.841049506799
1.55436277373
0.0219230237848
0.459611804767
-2.80584346407
-5.23234421485
-2.37942953907
-1.48773577618
-3.59354419722
-4.25149968051
-3.88896625683
-3.63616185608
-0.951960178912
-0.179371534455
-0.727708428425
-4.9144063654
-2.42931194123
-3.37771891574
-3.47056879926
-1.92211990126
-3.66100863301
-2.63165117328
0.66727539279
-1.85464428863
-2.71393613371
-3.02759849974
-1.33740331772
-2.8441491358
-4.26658713427
-3.80269431827
-0.584281726292
-0.513440373263
-0.636063651847
-2.9345850794
-1.99407776108
-3.2806540536
-1.62898418967
-2.12190690175
-4.98677233388
-2.79512012813
-2.27072489551
4.74622312934
-4.7238870496
-1.80193575807
-1.27063590471
-3.26027914603
-1.111658567
1.0408492016
-2.54626129698
-0.243916001026
-2.6691055532
-3.97498378619
-2.0663780704
-1.33646197954
4.40604248261
-0.306325677769
-4.84027845505
-0.464377532826
-2.00579987702
-2.97319666433
-1.57116668064
-3.35230315664
-3.83439982609
-5.01795228772
-4.94554099626
-3.98785319098
-3.74670549155
-0.603910294535
-4.10887349539
-3.35817055051
-1.39090611397
-1.60052211796
-3.73344606163
1.23325313454
-3.12033753109
-0.777501257726
-0.894949485409
-2.36594299086
-3.07131859024
-4.19785994888
-1.53196080398
-3.32640683977
-3.68118194133
-0.845296594849
-1.35762269034
-2.37568737054
-2.75184876317
-0.514132332999
-5.6297972457
-1.22790035517
-3.50248210076
-0.854044114803
-4.86007540908
-4.11253107088
-3.11898596986
-4.48984934831
-4.46689717845
-0.642135389124
-3.69004861849
-1.46807471141
1.14786835334
-1.36543210062
-1.98368869222
-0.96488709635
-1.98296934485
-0.732785553746
-1.49791972197
0.276481117998
-3.29129820516
-3.97264236323
-1.11994791287
-4.62994651997
-1.36702604587
0.777642071416
0.655506145899
-1.32709468282
-0.685376961812
-0.718306692889
-2.23090748918
-3.17140618908
-2.13045838934
-3.49936111448
1.01376451773
-2.00613471373
-2.1912407976
-2.98227143102
-1.7732712868
-1.8470699906
-3.56012996459
-0.884819557638
-4.23178011674
-2.91469373023
-0.28468315698
-5.3312877111
-2.45500931083
-3.01091197276
-4.9627148958
-3.49419070939
-2.51726330438
-1.04571790326
-1.50793754133
-4.32546744342
-3.63192719458
-4.52789175019
-1.79383433097
-2.75217722675
-2.53052522356
-3.6094543111
-3.78049278271
-4.01906733135
-1.76200334166
-2.34230580279
-0.10864052373
-1.42665573074
-3.35698324989
-0.787798883406
-0.384413271336
-4.69727711716
-3.66077746784
-0.54122316555
-3.60813049706
-0.123102257381
-3.52227854543
-2.37819400737
-4.00056698447
-1.09190512993
-3.13563068703
0.77132118464
-5.24699527072
-2.5540019407
-2.20270655497
-3.96664561677
-4.25600711396
-5.04591446882
-2.15803584671
-1.33457960247
-2.24728858825
-0.447672885206
-0.727411115828
-4.69574095845
-3.16122317618
-4.38217232002
1.1190451068
-4.45676653474
-3.40348345916
-3.56880980959
-4.94154872855
-2.28520948083
-3.3638404263
-2.34393850541
-5.2381276274
3.98378205146
-1.45295055303
-4.42398293643
-4.25770305074
-2.62545599379
-0.667678424413
-2.17689058271
0.796162317072
-2.32719108137
-0.625878686144
-3.62758345589
-1.14506888282
-3.83918836774
-1.06188526634
-3.33031043548
-4.54562065776
-2.18052438532
0.179118628551
-4.22125961901
1.04894239856
-1.05304951649
-1.01815593591
-2.36912324516
-2.72948641175
-1.04928672898
-2.14919570974
-4.01754075447
-3.43538105095
-4.73807254594
-3.04716847455
-3.59811339905
-1.67903628545
-1.13765885602
-1.90339853433
-2.09781836352
-1.2297376217
-2.3408157216
-3.57259743054
-2.0578677633
-3.19786010772
-2.35444161926
-1.09224525377
1.17202581557
-3.81191920719
1.20796039311
-0.747270121379
-3.75036657435
-4.94938068696
-2.97216502236
-3.56099315001
-2.93159335358
-4.34680462794
-4.91869946153
-2.39456294048
4.94187717901
-3.40478975853
-2.69751365851
-0.367713965439
-0.985436321176
-2.84812543843
-3.13342064739
-3.79568875515
-0.849796343753
5.01209337964
-3.24144177881
-3.17859037819
-2.05958997623
-3.25827458139
-1.91895632712
-1.88934385963
-3.02119099389
-2.64595870653
-3.33321905301
-4.51945232279
-5.06078559042
-0.250713312211
-3.67562690673
-1.73759916153
-3.61430732
-2.33886441353
-0.23375629692
-3.59148485679
-3.13007865174
-3.546750535
-3.33366886945
-5.26750540846
-1.57658195507
-1.14994495037
-2.87575924765
-2.91598979673
-1.08264664863
-0.285393801936
-4.23856249721
0.0341226890631
-4.01015494044
-1.08104949621
-1.68318290589
-3.24957551675
-2.60442297797
-4.42524997275
-3.60796171172
-1.80513273282
-2.90352620871
-3.60458416213
-1.85457999007
-3.67641606311
-2.47148554816
-3.95204643196
-1.59593785584
-2.23534500782
-1.22309897316
-3.68688101743
-2.39314112867
-2.91445164925
-2.81846460711
-3.58122044874
0.642549451181
-1.63962139627
-3.08894053984
-1.83066562236
-3.15025170037
-3.05592098339
-2.31305388093
-4.81505571698
0.151770782871
0.860309582667
1.70825029061
-4.57599721014
-1.90824104366
-4.43880825349
-4.32776502154
-3.75277749188
-1.91445089822
-3.21780283879
-2.50470561424
-0.470507707565
-0.951957027725
-3.50325927418
-2.37122870979
-4.59122428388
-4.77627762618
-5.28060155849
-2.2810888857
-3.29148738197
0.730541855961
-2.04367310559
-2.96108659756
-3.28053173107
-3.77869410824
-4.79406994428
-1.31528777622
-0.0626771538311
-2.04827301501
-3.05554336751
1.24513998865
-1.7907751303
-4.83362340401
-1.61856395944
-2.77431632199
-1.19170457355
-2.45800778198
-3.67766286038
-5.35547322176
-4.05955513295
-4.46558385515
-4.67363408949
-4.03234438122
-3.55762599949
-4.70151688481
0.784679915013
0.0910609632364
-1.52293985494
-5.39118418917
-3.07550271061
-2.79621964447
-3.70153973693
-2.67234705111
-4.02452818113
-3.31335782473
-1.90335854808
-2.04891046452
-1.22302394853
-2.4002953727
-1.22379248807
-2.72790805997
-0.992800420367
-2.48894740442
-2.77399815511
-0.299551759163
-4.84594324914
-2.99186902192
-1.52165162062
-2.5194362468
-0.706228643492
-4.16533217085
-3.07090787707
-3.72800927765
2.12776611291
-1.57825268483
-4.03330417397
-4.6651929255
-2.08203893531
-3.30178520552
-3.94854102338
-3.16587511315
-3.73676380416
-4.19003843278
-1.67627313057
-3.58150177841
-1.45179822153
-2.21461765986
-2.85963522564
-1.77590916121
-1.59881094855
-2.32811900593
-2.65347305498
-4.08992276571
-1.47199963224
0.785070543576
-1.08710721228
-3.41161744613
-4.26777616169
-5.33567965255
-2.60338239615
1.07216414989
-4.52900850901
-4.67477130785
0.126295253082
-2.64050523711
-0.564598907299
-2.28647868441
-3.49244653619
-3.89951261958
-2.26968828772
-2.02651987601
-2.62937564124
-1.87269693176
-3.92036125123
-1.89458082645
-2.90161324687
-3.37372903723
-0.837603088827
-4.2103525947
-1.29315755561
-1.60998188339
-2.69578140797
-2.33663504271
-3.37965251921
-0.983793318805
-4.51112346505
-2.8866014879
-1.78131132657
-0.504040007734
-1.86764672972
-3.48767988677
-0.340547479694
-4.79826093655
-2.4703598069
-4.14309635118
-2.00176917715
-5.10057575603
-2.76851674528
0.573466210508
-3.20949236262
-1.83072000334
-4.2053840716
-4.75633007624
-4.32686012013
-1.45131793111
-1.51962243895
-5.33053344676
-3.39584258254
-1.80503178227
-1.67020271236
0.390683255278
-1.68648119117
-4.64135350332
-2.97299975368
-3.16764277396
-2.70619997487
0.61813839434
-2.12743141077
-4.42063225113
-2.45568844824
1.17394381545
-5.10613676072
-1.52570522938
2.48382237622
-4.13530707768
-2.89979721452
-2.78701446513
-2.76490085193
-2.85526266668
-3.76078950354
-4.09407740066
-4.96237171175
-3.72223329008
-3.17799321756
-1.43078871208
-1.62555655942
-3.93608408021
-1.96248352142
-2.95419327575
-2.95729415301
-5.45120842078
-2.22939491445
1.22304029523
-4.28294636089
-3.64812343012
-4.27502250374
-1.94497316527
-1.32060051101
-5.54792773719
-2.57536895575
-1.26563549321
-4.65000369119
-4.12432133967
-2.04539877474
-3.71292833205
-0.871766164231
-2.23130764975
-4.65197280923
1.93482170155
-1.9284849573
-1.00822051349
-1.79356004966
-1.54415067504
-2.7608420392
-0.80693477072
-1.04218532455
-1.7393993814
-2.78946163432
-4.35080402008
-0.854613547473
-3.92833315257
-4.44221477574
-2.70199036511
-3.69224800315
-0.823174945848
-2.60596594765
1.54721822159
-2.72936740608
-4.82143220523
-2.258602347
-1.47277967734
-0.864378094426
-4.06814561444
-4.48793507382
-3.04393202446
-3.8562056731
-3.47568266971
-1.56107222157
-3.29289699198
-3.60742872756
-4.85050177226
-4.64125338899
-1.62976121817
1.77577826339
-1.99605513908
-2.19243725446
-4.88193546447
-1.16995048906
-1.89106519166
-2.03455675179
-0.0463902130986
-2.57231695081
-4.07804179497
-2.41257329044
-4.63378726848
-1.06102237015
0.785991895039
-2.83628263026
-1.44871881555
2.25626490859
-3.08775080663
-1.69332348053
-3.19036399401
-2.57299245007
-4.52902305817
-2.55987520921
-0.298084001256
-2.58450593374
-3.84444992186
-3.5054808456
-2.29807068333
1.21768280549
-5.45040658108
-2.41135485813
-2.53610142144
-1.37139248539
-2.36024394723
-3.12186225687
1.46274238455
-1.36434929495
-4.68187672247
-1.1204983567
-1.22977766283
-2.72582195881
-2.92428158787
-0.321125655146
-0.304226788016
2.55768192167
-1.14540652103
-4.83871480988
-0.00723911890725
-2.82139323313
-2.39766338803
-1.74122557431
1.29886661625
-1.68314218275
-2.29020636695
5.05919916481
-2.18225861589
-4.12700049676
-1.88360668922
-4.5756092571
-0.201962637166
-4.28018827903
-2.5340941324
-2.80810137865
-0.982795174545
-1.615709623
-1.43220117997
-3.92410108777
-4.34940615623
-3.81946885685
1.70359066934
-2.67929688765
-2.25514925756
-2.72241834433
-5.10406333436
-1.01698664933
-3.13031259044
-1.33953247193
-3.07875000589
-4.06240997176
2.03247788946
-1.8711602897
-2.69399880321
-1.10667699575
-2.60437523146
-4.26658334311
-3.84680778344
-3.50183783545
2.47837145333
-0.751294954567
-4.26946152873
-1.24246943475
-2.3135629948
1.80074765534
-2.98901569939
-2.10342220918
-3.43513105547
-2.9745048075
-0.110777875527
-3.52621409651
-2.26449779391
-2.14539111033
0.168878211021
-3.18440053616
-3.53996317792
-1.17364031031
-2.09185301699
-2.46990003793
-3.41212278935
5.17328035879
-1.16377670674
-4.93123204295
0.504565866237
-2.70197606859
-1.56001727806
1.07537757323
-3.69452103226
-2.53561441193
-1.81311892289
-4.34383352262
-2.38370609413
3.08747783106
-3.96455802379
-3.50887703795
-2.57937400911
-3.58322776881
-2.28329437084
-1.13891051553
-3.50740002424
-1.4606489164
-4.3709740908
-1.36614830099
-2.70193634506
-4.69257027786
-3.33382526683
-2.91817855389
-4.50622251887
-1.85137089427
-1.4058960007
-2.38277882527
-5.56296519252
-0.407840966857
-3.82817755158
-5.55557645044
-0.945944708981
-1.58614974936
-5.12490092821
-2.44169270758
0.965246417953
-4.77862158819
-0.647550375891
-0.107670789652
-2.39160740222
-2.70456023419
-5.00962629154
-1.93090059932
-1.72744223723
-2.45471596492
-1.95953825994
-4.62630988294
5.37877225424
-4.83246424254
-1.09063309451
-1.59446060023
-1.02995184094
-2.30454018989
-4.74076544043
-1.774683881
-1.39154967526
-0.2631943624
-3.48693307826
-2.47484633893
-0.852241259465
-1.31048333063
-4.70184283511
0.735750226968
-1.59163935669
-1.63838744125
-3.09446896419
-2.21591513214
-2.50595392476
-0.183645152106
-4.13033910312
-4.60687072837
-2.61737521613
-2.04627637508
-3.71637336665
-1.19651634297
-2.78297038814
-2.37381151676
0.0730633676413
-3.51837237295
-1.22953357362
-1.66667636672
1.24195035175
-2.00364644816
-0.530766266209
-1.57394610681
-0.640341695704
2.87728201095
-1.04234995172
-2.52986256974
-2.04039858593
1.45969833593
-3.21643347149
-1.98481686511
4.55588651551
-1.43822136489
-3.20920612095
-3.57308550708
-1.44122385209
-3.54394469541
-1.93093324849
-1.76782211366
-3.48238627927
-3.21333323742
0.472269845816
-1.58228557519
-1.84689000915
-1.93445084427
-4.76115769597
4.49410276701
-2.34096198997
-3.70720205721
-1.89271298848
-3.21457311026
-3.82601596013
-1.17278939782
-2.27400450104
-1.42760327521
-1.68321547161
-4.95365548574
-3.94509264441
-1.07919243549
-1.27923103876
-3.49673917576
-2.13468918501
-2.99991901216
-2.2657036911
-2.64852286679
-5.48387685739
-0.255864385569
-2.49652217237
-3.78934813983
-2.24650079194
-0.889994137474
-2.53891263372
0.857940588499
-3.83839083252
-5.54449341179
-3.90330873717
-3.87538351559
-1.33860841774
-3.45647034434
0.991623586737
-1.92683479605
-3.16233268537
-3.42190843345
-2.3359086738
-4.40490862226
-2.78154017892
-5.54218568622
-4.54436229122
-1.44727361115
-3.17990703036
-2.62117695907
-4.23589402994
-2.0849213297
-1.36989147926
-2.31009037278
-4.67938266378
-3.26581442073
-3.04630374121
-3.63091563122
-3.56010837018
-2.3139282619
-0.672026608372
-2.24452931362
-1.83483077208
-1.39239174481
2.52782597169
-3.53246416163
-4.83883068997
-3.14031603736
-4.17653666125
-3.58552379392
-0.743680040083
-3.63598113026
-0.965681416603
-1.73779821272
2.25274316376
-1.2831612842
-0.285945145851
-0.787629826911
-2.31603016383
-1.77357519918
-5.85566121602
3.9387140128
-1.75762642059
-1.30610740962
-3.00261763543
-2.90035660485
-1.18830339203
-3.53761148691
-5.39588539684
-3.89229267931
-1.47867110502
-3.95505392522
-2.25875020727
-3.0953403855
-0.946491218932
0.329460978723
3.72549081428
-3.85210758837
-3.5298811728
-2.57817212393
-2.15291360516
-1.52153238606
-2.68035696163
0.591908205018
-0.73206529321
-3.9388983425
-1.42479326462
-3.63789995316
-2.54679514805
-1.7476828466
-3.64271357719
-1.21889318343
-1.34839208418
2.09322245786
3.76956579603
-4.80449687634
-1.3019920624
-3.12457819425
-4.42400754501
-3.13342650495
-4.37523383286
-1.79686834892
-3.33602374576
0.589971620909
-2.42447407733
-2.78947954896
-3.49273611765
-3.32568666411
-1.30213239456
-0.814584639378
-2.5442636085
-1.27325038741
-5.09550102111
-1.77988397196
-3.49337435769
-2.53383450358
-5.0211225891
-2.31377613466
-2.18114989814
-3.70669688627
-3.12206642493
-3.59112998816
-5.24553022598
-2.22784941359
-4.62627325302
-2.79298666337
-3.14977685354
-4.78415469206
-3.71354283831
-2.39834415717
-0.20670198294
-1.5870190777
-1.54873894663
-2.97714305685
-4.64502991041
-2.26828568009
-4.77682031076
-5.40928264998
-0.517700124464
-3.28272012414
-2.54964901109
-0.440120815876
-1.67284432736
-2.2381077483
-3.73778494332
-5.04159433152
-1.57514628811
-2.1311039248
-2.44114881236
0.896348899866
-1.19200045088
-3.04148789747
2.15607843147
-2.5979281544
-3.53901576826
-2.24158739989
-4.57061657808
-0.665133306696
-4.85027333924
-1.66242147371
-3.16936886814
0.375777872689
-1.92750635978
-2.11756094843
-2.32981272308
-6.08620477934
-1.03068275606
-1.08397004529
-4.6647766014
-3.34311836815
-1.16729863932
-2.68619015825
-4.26254612893
-3.50633680942
-1.77654675099
-1.06257037858
-1.13177296503
-1.27658700407
-3.6378187047
-1.10368576361
-3.61577106775
-1.74262772759
-2.70510083246
-2.04489482528
4.3280485302
-2.72531275207
-3.38376637774
1.5895715198
-1.51881854486
-2.96621217723
-2.6555387151
-3.55912807253
-0.150519879059
0.502156330768
-4.21333316549
-1.49417438072
-1.54940848909
-3.82835898843
-2.05817537271
-3.43120693447
-1.4892231872
-3.76306738939
-3.76212273708
-4.81053232858
-3.28509113086
-2.20263390267
-1.2295065761
-4.59360654503
-4.5125041157
-3.16917316007
-5.37420811892
-2.06291326583
-5.24495463754
-3.38500045946
-1.22537326123
-4.05324303944
-2.29578357032
-3.22850989594
-2.59911722213
-2.16742322942
-0.951282313931
-2.67916027899
-2.62571823579
-4.40481041844
-4.40887079712
-1.52785957875
-2.36512563
-2.21193130883
-5.27906819295
-3.07381972906
-2.7937085915
-0.999637969274
-4.97012472799
-2.00563613274
-4.65114130368
-0.441077572126
-4.23697811944
0.398328063569
-2.43117709594
-0.0959880373203
-0.624721407886
-3.19496648913
-3.75982946246
-3.55805948083
-4.50565315107
-0.664058995931
-3.51165014151
-4.38288158152
0.862868961652
-2.24267643785
3.83255378755
-4.94230279019
-1.17128304144
-1.54730190206
-3.40016080438
-2.71211364064
-2.8137422115
-2.27636237634
-2.68838756883
-1.79519071243
-3.74347955146
-2.82493048577
-0.67849846217
-4.68526783261
-1.95925851254
-0.599025602451
-0.826457952065
-0.29394273391
-5.44540504737
-0.709350444178
-1.49682921272
0.0559509662851
-1.59341781454
-2.09533145172
0.926956653955
-3.88566998723
-4.67271340645
-3.21998665076
-4.20621897986
-2.05141487556
-2.66161348797
-2.75213879991
0.971583467222
-3.16280315082
-2.92830665548
-4.7354900128
-2.99955179847
-3.58414322787
-1.56144161169
-1.07483597837
-2.12577145451
-0.626540892642
-3.13075353851
-1.24284977033
-3.32756913223
-3.03665421197
1.73662869927
-2.8593479155
-2.28007815842
-4.19827178066
-4.52701471724
-1.30261892952
-4.26993008384
-1.79819044855
-1.37412379823
-3.96803824708
-2.24915458792
-2.45826620084
-1.38363796397
-3.22106344519
-1.87310966856
-3.86494437207
-0.739706100193
-1.15132777586
-2.02803107854
-0.553409560369
-2.85949320112
-2.1400387914