-4.49439856169
-5.0851569803
-3.34718236032
-5.64704447015
-4.15772934376
-5.92649416623
-4.41177288105
-3.9025691466
-5.18892674533
-3.59011825697
-4.23482894232
-2.63841153342
-5.35717131177
-3.47234732835
-6.70877328271
-1.38694907783
-6.76895043039
-5.14980062553
-3.36155743779
-3.82027913108
-4.43957491923
2.82144246396
-4.53165716638
-2.39571057152
-3.78580827396
-3.61907313991
-2.96359053563
-4.3651936477
-5.18129604235
6.09348801726
-4.09678128665
-0.974679611523
-6.03653336873
-3.40822623899
-4.0042705105
-5.52807724039
-2.82734602427
-5.75897862108
-4.46400959027
-5.50325315665
-4.43645916553
-3.20005474514
-3.24762666785
-0.985327704802
-2.33299608088
-3.42591812472
-3.21693140943
-4.00249755269
-4.08510327855
-6.7523991417
-4.1603378928
-5.97612969484
-4.35471306322
-3.46311444642
-1.83785525974
-4.40332867094
-4.78764822105
-3.58893281504
-4.96838251792
-5.72255994515
-0.833935489599
-5.05404886052
-1.44939486388
-4.84265750721
-3.91269976563
-4.63428869748
-4.16624446745
-5.49916525154
-6.01715067021
-5.70614420622
-2.96881924269
-5.77540757947
4.18168965456
-5.16401775503
-4.97480680096
-4.7319612193
-1.75108477329
-3.57468363122
2.34832028492
-6.00784892759
-4.95580560225
-4.06388863615
-1.60948827454
-2.53593824994
-5.19141997959
-4.54606323302
-3.36068537674
-2.18269121573
-5.41605410634
-5.38433195279
-4.06286404548
-6.19214207184
-4.56458073319
-4.84974914774
-1.77188594531
-5.10883600131
-5.51874099868
-5.75491394414
-2.15151978935
-6.20677916389
-4.36484146659
-2.96383079363
-5.1787748263
-4.30527382841
-5.23654207159
-4.54913320342
-1.90336619747
-4.09905807584
-6.26448093014
-6.01572378271
-3.41719619071
-5.93466345693
-7.21103362012
-5.61462304249
-4.72599741047
-3.71116123482
-2.80538047267
-5.81723158609
-4.83883974302
-0.467639922949
-2.80639379425
-5.54086664991
-5.03493505673
-5.92309649462
-2.09173849164
-5.61699519723
-5.53305650058
-4.94953066293
-4.31312129102
-3.54439700977
-5.02274772011
-4.2989143956
-4.17850166479
-1.98489377539
-5.03124298526
-3.9718205995
-4.28570150895
-4.05108577576
-4.97530082717
-3.54166335484
-5.05017435954
-2.8367160429
-2.22749873942
-3.980813911
-6.93445096667
-0.016732504282
-5.87782668036
-3.74136195645
-4.3061871879
-4.47748252564
-4.08354737905
-2.67762323414
-4.79087775757
-2.78771974562
-4.74675386433
-6.95002692142
-5.11462005317
-2.84385707802
-2.42668271179
-3.53621143687
-6.15022213187
-0.814771014099
-4.75113088981
-4.61860768162
-5.95520811825
-4.01936559621
-6.20437347686
-5.68422833708
-4.6705517334
-6.48380540113
-4.7850577775
-2.98848906573
-3.15103932143
-4.9946908609
-3.22248947312
-6.43241841304
-4.14054595113
-4.03236166927
-4.28654496143
-4.83259286899
-3.08603282105
4.80883695251
-5.5575078724
-4.56351949565
-3.97847615237
-5.01119423366
-3.60395802167
-3.34151728817
-3.17583929906
-3.54540919262
-5.45912279776
-4.28627980916
-4.963235329
-1.449529081
-3.0413666672
-2.08207944423
-5.10727465121
-4.54240231714
-4.51357686921
-4.17786177037
-4.03125286601
-3.40256236306
-4.9143363273
-4.49621298961
-2.72084806118
-4.1457715377
-4.98998211164
-5.61948452185
-4.8686313573
-4.50541682082
-5.65621518309
-5.19751085492
-3.17724868766
-3.66243425506
-3.56855564654
-3.76544453722
4.44217875019
-4.20458355735
-5.51072996549
-3.33322119339
-4.28338634348
-6.29118548668
-3.15732458828
-4.83811881773
-4.7817045321
-2.68663234551
-5.44392945216
-7.24813029823
-5.60172378591
-6.24359656879
-0.531634105349
-4.305204695
-3.94815586976
-4.35922910459
-5.10940461427
-4.49291563258
-4.09215326663
-4.49013149287
-4.81999448487
-4.72840371443
-4.71916109205
-2.31537705229
-3.50028061672
-5.11888123796
-4.63855147688
-3.67070287094
-5.18488735773
-4.53491402984
-4.5313233627
-4.73605337736
-4.58712770933
-4.94466977912
-4.7458165509
2.88753955333
2.81185129243
-4.49774917696
-2.77212586218
-4.37132465046
-5.91391983978
-4.47267144311
-3.38123879601
-5.45020256833
-6.33651823272
-3.74961959419
-2.88637969138
3.38217297615
-6.1769539653
3.68305094247
-4.61562835367
-5.06194100765
-2.82850193198
-5.68203873329
-4.33351442691
-3.58508276664
-5.04173014542
-2.8755934784
-6.76775842538
-4.56944340172
-3.49759096183
-4.44039638593
-2.90030272818
-4.69864721452
-3.4049520757
-5.5944216724
-5.01582179634
0.816375583351
-2.6107586548
-2.84154193252
3.50334645968
-4.09960892163
-2.34270005404
-3.2356565287
-3.88380340951
-4.11212267897
-2.71584019445
-4.98381699605
-3.33289480078
-3.76389050934
-3.16638443857
-5.99852999425
-5.11789484923
-3.53682125933
-4.01140656758
-4.55509191871
-3.08706387967
-6.35669526433
-3.70731047466
-4.1666343575
-4.49750629595
-6.37680125392
-6.17758080722
-5.87177484937
-5.86862308295
-7.96468782818
-5.61421949525
-4.82796551668
4.80251305523
-5.95043042522
-2.58997321181
-3.10884262533
-4.58202189551
-1.42372852375
-5.78591603543
-4.23967236015
-3.96181591477
-4.37767431326
-3.60869302957
-3.6408132136
-5.33160282644
-4.41086346324
-3.77964020984
-5.72175515524
-3.14723744153
-4.34496497402
-6.4366364348
-4.636883562
-3.49027254312
-4.53920380664
-7.14031621062
-4.8185589043
-4.85489110534
-0.278375409944
-4.77624478117
-2.18772681564
-4.26236584127
-5.24298479744
-8.21229219283
-4.49640702536
-5.64706662146
-4.58874399812
-2.21427849205
-3.21603725791
-3.92381528801
-4.03232800049
-4.33873912459
-4.92256646335
-5.92130702851
-5.71682226513
-2.34525494981
-2.04187616792
-4.15047066228
-4.77332138504
-5.07690002231
0.412577655543
-5.34642676169
-3.47520281058
-3.31332189567
-4.4598255643
-4.4105916002
-1.99579568561
-5.98439616751
-4.50989060335
-4.77320114209
-6.37679654867
-3.43463965956
-3.7918081818
-5.08881235385
-5.77584553902
-7.1899659132
-4.78631589309
-6.45084139749
-4.6881831989
-7.22536770359
-4.66657039726
-3.02342922201
-5.48260193896
-5.51791823738
-3.22451825496
-4.76538373596
-5.04788870093
-6.27757139031
-3.58096900125
5.39577535556
-5.24802092156
-4.79331165952
-6.60005607177
-4.44700924714
-6.06376866896
-5.74452296053
-5.46646338138
-5.13672782949
-6.34086478678
-6.66895963852
-4.98269425589
-3.53610701942
-2.21833940169
-4.84891098244
-6.66182954596
-4.38192510489
-5.26668485595
-6.86047941681
-6.31355710521
-4.53767650534
-0.616084855436
-5.16233538321
-7.79168161551
-4.72205907039
-3.75307954038
-2.67582971351
-2.17746231828
-3.21389566294
-5.17143995778
-3.76696043996
-2.30928199808
-5.21727583459
-5.58251703308
-1.37934297529
-2.11734796365
-6.04271926788
-3.81190949558
-4.34479564958
-4.98990597691
-4.95518814299
-5.21861562275
-4.14992167759
-3.84856749717
-5.34937629888
-5.60168082535
-7.94731593652
-5.3021227615
-2.99111747833
-4.49840863554
-4.68061123943
-4.1444578759
-5.56333381421
-4.77783160343
-4.74023015442
-3.855031329
-3.75850958024
-5.49025950694
-4.42856808544
-2.88119265591
-3.75402840527
-3.76054876511
-2.45509642505
-1.33740230202
-3.14109731875
-4.10800033686
-1.69332693298
-4.49459061892
-4.50884773022
-2.96653276324
-1.09120944048
-1.64306517553
-6.77047322587
-5.52431214759
-6.41600277926
-3.74361092665
-2.99678540181
-4.42993283568
-4.37650933608
5.26432035822
-5.92503085193
-3.68280012092
-4.85472396259
-1.86859525006
-3.95118343411
0.501957696042
-5.72383155338
-3.99375030598
-5.59839751028
-3.83088626245
-5.59979011808
-4.90600632837
-3.30196261536
-5.98897826852
-1.32456412304
-5.86019331764
-2.69332489247
-2.50919477367
-5.47791093747
-5.17900563244
-3.7438913206
-3.32873726834
-5.50820544211
-4.47274047614
3.37038172233
-5.23858455883
-4.92695649664
-5.05903989136
-4.79900002355
-3.59867451529
-5.10819776974
-4.00295879374
-2.44127759844
-3.61414749752
-5.44089702809
-5.31732067463
-4.16157329926
-6.15285398148
-4.68552808155
-3.24713248776
-4.24926833789
-2.40679075896
-6.13164888946
-3.3679601818
-2.95948650501
-5.09972606619
-2.99770488959
-5.02146423172
-1.82812749271
-3.65945899238
-4.17214299767
-5.30099635671
-1.70271962331
-5.1705864263
-4.36802969397
-2.78692614338
-4.28317634835
4.97583712586
-2.43065966138
-4.14700527381
-6.19386159112
-5.15048328822
-5.1164542413
-2.85863103474
-5.2487231634
4.39742534199
-4.89702721485
-5.885693869
-4.9009045751
-4.56317013558
-6.32614796061
-3.74561413254
-3.0839518631
-1.49046620301
-6.79482777474
-3.81974837327
-3.84015927294
-5.03397808613
-3.64590776988
-3.83417930137
-5.64595173525
-5.99392124633
-3.27603989826
-5.99269869139
-5.60639891132
-2.96997440811
-7.06757325789
-3.92464624086
-3.12656450319
-4.63273370392
-5.67709526915
-5.93082791929
-0.345018530751
-3.41661680451
-4.03271418669
-2.77392030681
-5.28362064721
-2.67268092545