  1   1  0.002952
  2   2  0.026632
  3   3  0.035688
  4   4  0.016947
  5   5  0.027198
  6   6  0.003100
  7   7  0.007411
  8   8  0.003280
  9   9  0.005142
 10  10  0.064542
 11  11  0.078118
 12  12  0.088001
 13  13  0.073425
 14  14  0.045921
 15  15  0.001722
 16  16  0.038363
 17  17  0.094724
 18  18  0.127707
 19  19  0.113089
 20  20  0.135493
 21  21  0.091903
 22  22  0.077702
 23  23  0.072222
 24  24  0.105328
 25  25  0.226411
 26  26  0.348996
 27  27  0.333796
 28  28  0.273806
 29  29  0.097071
 30  30  0.002609
 31  31  0.041076
 32  32  0.118420
 33  33  0.167470
 34  34  0.154512
 35  35  0.107111
 36  36  0.109709
 37  37  0.087570
 38  38  0.076476
 39  39  0.223222
 40  40  0.353752
 41  41  0.415200
 42  42  0.413585
 43  43  0.297061
 44  44  0.107636
 45  45  0.003247
 46  46  0.047738
 47  47  0.135215
 48  48  0.155066
 49  49  0.165352
 50  50  0.137658
 51  51  0.109838
 52  52  0.103507
 53  53  0.126285
 54  54  0.321613
 55  55  0.398935
 56  56  0.426089
 57  57  0.409588
 58  58  0.292534
 59  59  0.128410
 60  60  0.001049
 61  61  0.037767
 62  62  0.122327
 63  63  0.156779
 64  64  0.190514
 65  65  0.163500
 66  66  0.127024
 67  67  0.141152
 68  68  0.228591
 69  69  0.377390
 70  70  0.432499
 71  71  0.452812
 72  72  0.395316
 73  73  0.266464
 74  74  0.104930
 75  75  0.000074
 76  76  0.039810
 77  77  0.122774
 78  78  0.176199
 79  79  0.207572
 80  80  0.177786
 81  81  0.184334
 82  82  0.255378
 83  83  0.338798
 84  84  0.405995
 85  85  0.441401
 86  86  0.446875
 87  87  0.348179
 88  88  0.186197
 89  89  0.049311
 90  90  0.000000
 91  91  0.036690
 92  92  0.116849
 93  93  0.178753
 94  94  0.210393
 95  95  0.224731
 96  96  0.285385
 97  97  0.348158
 98  98  0.406007
 99  99  0.432822
100 100  0.438672
101 101  0.375021
102 102  0.220384
103 103  0.077412
104 104  0.026949
105 105  0.000000
106 106  0.028296
107 107  0.137285
108 108  0.192238
109 109  0.236259
110 110  0.300450
111 111  0.367145
112 112  0.410536
113 113  0.430065
114 114  0.428939
115 115  0.385402
116 116  0.287731
117 117  0.124040
118 118  0.055125
119 119  0.016074
120 120  0.000000
121 121  0.018860
122 122  0.114242
123 123  0.179085
124 124  0.230577
125 125  0.307780
126 126  0.363763
127 127  0.413316
128 128  0.441987
129 129  0.430882
130 130  0.384648
131 131  0.297516
132 132  0.234107
133 133  0.087743
134 134  0.044976
135 135  0.009874
136 136  0.052595
137 137  0.212930
138 138  0.233832
139 139  0.294072
140 140  0.362962
141 141  0.419101
142 142  0.444972
143 143  0.452779
144 144  0.424241
145 145  0.363528
146 146  0.271418
147 147  0.138256
148 148  0.066198
149 149  0.037257
150 150  0.005934
151 151  0.076211
152 152  0.285516
153 153  0.314423
154 154  0.336375
155 155  0.382517
156 156  0.440023
157 157  0.461799
158 158  0.445399
159 159  0.364746
160 160  0.238743
161 161  0.185912
162 162  0.106573
163 163  0.058664
164 164  0.033741
165 165  0.003587
166 166  0.101732
167 167  0.347789
168 168  0.326622
169 169  0.342594
170 170  0.372735
171 171  0.420763
172 172  0.439475
173 173  0.366698
174 174  0.286919
175 175  0.221899
176 176  0.154529
177 177  0.104553
178 178  0.062300
179 179  0.033138
180 180  0.002031
181 181  0.126858
182 182  0.348733
183 183  0.321907
184 184  0.367231
185 185  0.371277
186 186  0.402520
187 187  0.373705
188 188  0.340854
189 189  0.277296
190 190  0.235721
191 191  0.181452
192 192  0.114605
193 193  0.070711
194 194  0.033009
195 195  0.001012
196 196  0.137575
197 197  0.369982
198 198  0.356022
199 199  0.354987
200 200  0.380335
201 201  0.394997
202 202  0.394191
203 203  0.326918
204 204  0.298972
205 205  0.273275
206 206  0.230005
207 207  0.133766
208 208  0.055190
209 209  0.032517
210 210  0.000346
211 211  0.143594
212 212  0.369379
213 213  0.358498
214 214  0.374796
215 215  0.375991
216 216  0.408568
217 217  0.365703
218 218  0.322593
219 219  0.292972
220 220  0.271635
221 221  0.231558
222 222  0.189903
223 223  0.082306
224 224  0.032798
225 225  0.000039
226 226  0.129514
227 227  0.373020
228 228  0.325818
229 229  0.355359
230 230  0.378056
231 231  0.354735
232 232  0.325436
233 233  0.291951
234 234  0.311072
235 235  0.313049
236 236  0.257986
237 237  0.206676
238 238  0.114193
239 239  0.043414
240 240  0.000000
241 241  0.111821
242 242  0.254047
243 243  0.324069
244 244  0.350726
245 245  0.348158
246 246  0.310488
247 247  0.287771
248 248  0.262204
249 249  0.299954
250 250  0.296683
251 251  0.272557
252 252  0.250114
253 253  0.161382
254 254  0.038565
255 255  0.000000
256 256  0.064225
257 257  0.301319
258 258  0.281082
259 259  0.337053
260 260  0.329293
261 261  0.261280
262 262  0.190591
263 263  0.256780
264 264  0.267491
265 265  0.279894
266 266  0.287450
267 267  0.262268
268 268  0.123356
269 269  0.025289
270 270  0.000000
271 271  0.086746
272 272  0.169998
273 273  0.183549
274 274  0.316133
275 275  0.265944
276 276  0.191220
277 277  0.123258
278 278  0.224637
279 279  0.228974
280 280  0.261539
281 281  0.260860
282 282  0.278629
283 283  0.217870
284 284  0.023279
285 285  0.000000
286 286  0.060936
287 287  0.077466
288 288  0.197215
289 289  0.271810
290 290  0.212032
291 291  0.099291
292 292  0.040967
293 293  0.099692
294 294  0.115101
295 295  0.162644
296 296  0.229133
297 297  0.219652
298 298  0.182487
299 299  0.013679
300 300  0.000000
301 301  0.001988
302 302  0.031879
303 303  0.212861
304 304  0.269073
305 305  0.120139
306 306  0.014978
307 307  0.002146
308 308  0.003061
309 309  0.007933
310 310  0.017446
311 311  0.100529
312 312  0.068746
313 313  0.128080
314 314  0.006191
315 315  0.000000
316 316  0.016712
317 317  0.061069
318 318  0.049663
319 319  0.014968
320 320  0.000000
321 321  0.000000
322 322  0.000000
323 323  0.000000
324 324  0.000751
325 325  0.002466
326 326  0.000002
327 327  0.000093
328 328  0.000000
