  1   1   23.298208  106.856059  0.193455
  2   2   23.721712  106.856059  0.544557
  3   3   24.146500  106.856059  0.683300
  4   4   24.572594  106.856059  0.426579
  5   5   25.000016  106.856059  0.590021
  6   6   25.428787  106.856059  0.220868
  7   7   25.858928  106.856059  0.303871
  8   8   26.290462  106.856059  0.257733
  9   9   26.723411  106.856059  0.289533
 10  10   27.157795  106.856059  0.672965
 11  11   27.593637  106.856059  0.777443
 12  12   28.030958  106.856059  0.824883
 13  13   28.469780  106.856059  0.813473
 14  14   28.910124  106.856059  0.722472
 15  15   29.352013  106.856059  0.142913
 16  16   23.343529  106.439136  0.768196
 17  17   23.767661  106.439136  0.729540
 18  18   24.193070  106.439136  0.811537
 19  19   24.619775  106.439136  0.774287
 20  20   25.047800  106.439136  0.782027
 21  21   25.477165  106.439136  0.835651
 22  22   25.907891  106.439136  0.792468
 23  23   26.340001  106.439136  0.807855
 24  24   26.773516  106.439136  0.807106
 25  25   27.208457  106.439136  0.892621
 26  26   27.644846  106.439136  0.942212
 27  27   28.082704  106.439136  0.942757
 28  28   28.522052  106.439136  0.932019
 29  29   28.962913  106.439136  0.872891
 30  30   29.405307  106.439136  0.129800
 31  31   23.387635  106.022997  0.764317
 32  32   23.812377  106.022997  0.704942
 33  33   24.238388  106.022997  0.833701
 34  34   24.665687  106.022997  0.834761
 35  35   25.094297  106.022997  0.751087
 36  36   25.524239  106.022997  0.854905
 37  37   25.955534  106.022997  0.817257
 38  38   26.388203  106.022997  0.820275
 39  39   26.822268  106.022997  0.920184
 40  40   27.257749  106.022997  0.946776
 41  41   27.694669  106.022997  0.955490
 42  42   28.133048  106.022997  0.960651
 43  43   28.572907  106.022997  0.952744
 44  44   29.014269  106.022997  0.891470
 45  45   29.457153  106.022997  0.115595
 46  46   23.430533  105.607622  0.748666
 47  47   23.855868  105.607622  0.783632
 48  48   24.282463  105.607622  0.850236
 49  49   24.710339  105.607622  0.866334
 50  50   25.139518  105.607622  0.869523
 51  51   25.570019  105.607622  0.885108
 52  52   26.001866  105.607622  0.882272
 53  53   26.435077  105.607622  0.910850
 54  54   26.869676  105.607622  0.945296
 55  55   27.305681  105.607622  0.953264
 56  56   27.743116  105.607622  0.960471
 57  57   28.182000  105.607622  0.963495
 58  58   28.622355  105.607622  0.959329
 59  59   29.064202  105.607622  0.866531
 60  60   29.507562  105.607622  0.026466
 61  61   23.472231  105.192992  0.760526
 62  62   23.898141  105.192992  0.840305
 63  63   24.325303  105.192992  0.895406
 64  64   24.753739  105.192992  0.913531
 65  65   25.183469  105.192992  0.923154
 66  66   25.614514  105.192992  0.928195
 67  67   26.046895  105.192992  0.929918
 68  68   26.480633  105.192992  0.944149
 69  69   26.915749  105.192992  0.959456
 70  70   27.352263  105.192992  0.965413
 71  71   27.790197  105.192992  0.966717
 72  72   28.229571  105.192992  0.963511
 73  73   28.670406  105.192992  0.946231
 74  74   29.112723  105.192992  0.760022
 75  75   29.556543  105.192992  0.002607
 76  76   23.512737  104.779089  0.769751
 77  77   23.939205  104.779089  0.895390
 78  78   24.366917  104.779089  0.937668
 79  79   24.795896  104.779089  0.952404
 80  80   25.226161  104.779089  0.950962
 81  81   25.657732  104.779089  0.955293
 82  82   26.090632  104.779089  0.961146
 83  83   26.524880  104.779089  0.962021
 84  84   26.960497  104.779089  0.967315
 85  85   27.397504  104.779089  0.966332
 86  86   27.835921  104.779089  0.964656
 87  87   28.275770  104.779089  0.953711
 88  88   28.717070  104.779089  0.895654
 89  89   29.159843  104.779089  0.390176
 90  90   29.604109  104.779089  0.000001
 91  91   23.552059  104.365893  0.849739
 92  92   23.979067  104.365893  0.930159
 93  93   24.407313  104.365893  0.958290
 94  94   24.836817  104.365893  0.966183
 95  95   25.267600  104.365893  0.967628
 96  96   25.699682  104.365893  0.967703
 97  97   26.133084  104.365893  0.968988
 98  98   26.567826  104.365893  0.965898
 99  99   27.003929  104.365893  0.961683
100 100   27.441413  104.365893  0.957918
101 101   27.880299  104.365893  0.948647
102 102   28.320607  104.365893  0.906646
103 103   28.762358  104.365893  0.677930
104 104   29.205572  104.365893  0.223898
105 105   29.650269  104.365893  0.000000
106 106   23.590203  103.953384  0.893636
107 107   24.017735  103.953384  0.956565
108 108   24.446498  103.953384  0.966906
109 109   24.876511  103.953384  0.966652
110 110   25.307796  103.953384  0.967946
111 111   25.740372  103.953384  0.966928
112 112   26.174260  103.953384  0.965614
113 113   26.609481  103.953384  0.960692
114 114   27.046054  103.953384  0.954352
115 115   27.484000  103.953384  0.948540
116 116   27.923339  103.953384  0.945799
117 117   28.364091  103.953384  0.860395
118 118   28.806278  103.953384  0.405268
119 119   29.249919  103.953384  0.166322
120 120   29.695033  103.953384  0.000000
121 121   23.200343  103.541546  0.652486
122 122   23.627178  103.541546  0.941449
123 123   24.055217  103.541546  0.962203
124 124   24.484479  103.541546  0.960799
125 125   24.914986  103.541546  0.959125
126 126   25.346756  103.541546  0.959744
127 127   25.779810  103.541546  0.960484
128 128   26.214169  103.541546  0.963346
129 129   26.649852  103.541546  0.963736
130 130   27.086880  103.541546  0.958630
131 131   27.525272  103.541546  0.947677
132 132   27.965050  103.541546  0.925498
133 133   28.406232  103.541546  0.687018
134 134   28.848840  103.541546  0.329077
135 135   29.292893  103.541546  0.136529
136 136   23.235658  103.130357  0.870399
137 137   23.662990  103.130357  0.958146
138 138   24.091519  103.130357  0.952867
139 139   24.521265  103.130357  0.948882
140 140   24.952247  103.130357  0.947858
141 141   25.384487  103.130357  0.942863
142 142   25.818004  103.130357  0.941716
143 143   26.252817  103.130357  0.944582
144 144   26.688947  103.130357  0.943840
145 145   27.126415  103.130357  0.933139
146 146   27.565239  103.130357  0.907295
147 147   28.005440  103.130357  0.809682
148 148   28.447038  103.130357  0.460599
149 149   28.890053  103.130357  0.290173
150 150   29.334505  103.130357  0.115396
151 151   23.269833  102.719799  0.908583
152 152   23.697645  102.719799  0.960136
153 153   24.126648  102.719799  0.953241
154 154   24.556861  102.719799  0.951710
155 155   24.988304  102.719799  0.945720
156 156   25.420997  102.719799  0.942006
157 157   25.854961  102.719799  0.937436
158 158   26.290213  102.719799  0.927272
159 159   26.726776  102.719799  0.905199
160 160   27.164668  102.719799  0.862436
161 161   27.603909  102.719799  0.813512
162 162   28.044519  102.719799  0.609415
163 163   28.486518  102.719799  0.411864
164 164   28.929926  102.719799  0.263273
165 165   29.374762  102.719799  0.080074
166 166   23.302875  102.309854  0.907693
167 167   23.731151  102.309854  0.966576
168 168   24.160611  102.309854  0.964132
169 169   24.591275  102.309854  0.961872
170 170   25.023163  102.309854  0.959620
171 171   25.456294  102.309854  0.961409
172 172   25.890688  102.309854  0.956669
173 173   26.326365  102.309854  0.941998
174 174   26.763344  102.309854  0.919483
175 175   27.201646  102.309854  0.885342
176 176   27.641289  102.309854  0.808100
177 177   28.082294  102.309854  0.653207
178 178   28.524680  102.309854  0.540291
179 179   28.968467  102.309854  0.242491
180 180   29.413674  102.309854  0.054432
181 181   23.334790  101.900501  0.925354
182 182   23.763514  101.900501  0.968603
183 183   24.193415  101.900501  0.972131
184 184   24.624514  101.900501  0.972390
185 185   25.056830  101.900501  0.970809
186 186   25.490384  101.900501  0.971745
187 187   25.925193  101.900501  0.966811
188 188   26.361279  101.900501  0.958754
189 189   26.798661  101.900501  0.943647
190 190   27.237357  101.900501  0.922552
191 191   27.677388  101.900501  0.874642
192 192   28.118774  101.900501  0.769125
193 193   28.561532  101.900501  0.697174
194 194   29.005684  101.900501  0.212637
195 195   29.451249  101.900501  0.026082
196 196   23.365585  101.491722  0.929397
197 197   23.794739  101.491722  0.972291
198 198   24.225066  101.491722  0.978180
199 199   24.656584  101.491722  0.978595
200 200   25.089313  101.491722  0.979063
201 201   25.523273  101.491722  0.977175
202 202   25.958483  101.491722  0.973395
203 203   26.394963  101.491722  0.962201
204 204   26.832732  101.491722  0.939157
205 205   27.271809  101.491722  0.930895
206 206   27.712213  101.491722  0.906234
207 207   28.153965  101.491722  0.862050
208 208   28.597083  101.491722  0.520214
209 209   29.041586  101.491722  0.210124
210 210   29.487495  101.491722  0.008475
211 211   23.395264  101.083497  0.927226
212 212   23.824833  101.083497  0.970874
213 213   24.255569  101.083497  0.977478
214 214   24.687491  101.083497  0.980299
215 215   25.120618  101.083497  0.982280
216 216   25.554969  101.083497  0.979524
217 217   25.990565  101.083497  0.970869
218 218   26.427423  101.083497  0.956500
219 219   26.865564  101.083497  0.946541
220 220   27.305007  101.083497  0.931858
221 221   27.745771  101.083497  0.906941
222 222   28.187875  101.083497  0.839564
223 223   28.631338  101.083497  0.647404
224 224   29.076180  101.083497  0.255337
225 225   29.522419  101.083497  0.000692
226 226   23.423833  100.675807  0.908155
227 227   23.853802  100.675807  0.964020
228 228   24.284931  100.675807  0.973805
229 229   24.717241  100.675807  0.980403
230 230   25.150750  100.675807  0.980787
231 231   25.585478  100.675807  0.978059
232 232   26.021444  100.675807  0.967553
233 233   26.458666  100.675807  0.956506
234 234   26.897166  100.675807  0.949734
235 235   27.336960  100.675807  0.939091
236 236   27.778069  100.675807  0.893228
237 237   28.220512  100.675807  0.826285
238 238   28.664306  100.675807  0.749775
239 239   29.109473  100.675807  0.436031
240 240   29.556030  100.675807  0.000000
241 241   23.451299  100.268634  0.887353
242 242   23.881650  100.268634  0.953228
243 243   24.313157  100.268634  0.968812
244 244   24.745839  100.268634  0.976221
245 245   25.179715  100.268634  0.976638
246 246   25.614805  100.268634  0.972226
247 247   26.051126  100.268634  0.965344
248 248   26.488699  100.268634  0.958383
249 249   26.927542  100.268634  0.944891
250 250   27.367674  100.268634  0.927108
251 251   27.809114  100.268634  0.867821
252 252   28.251881  100.268634  0.843813
253 253   28.695994  100.268634  0.818634
254 254   29.141473  100.268634  0.341879
255 255   29.588335  100.268634  0.000000
256 256   23.477665   99.861957  0.864340
257 257   23.908384   99.861957  0.954515
258 258   24.340253   99.861957  0.962104
259 259   24.773293   99.861957  0.972266
260 260   25.207521   99.861957  0.971672
261 261   25.642956   99.861957  0.963526
262 262   26.079619   99.861957  0.950638
263 263   26.517526   99.861957  0.941062
264 264   26.956699   99.861957  0.925121
265 265   27.397154   99.861957  0.895825
266 266   27.838912   99.861957  0.871782
267 267   28.281991   99.861957  0.842296
268 268   28.726409   99.861957  0.753093
269 269   29.172186   99.861957  0.340573
270 270   29.619340   99.861957  0.000000
271 271   23.502937   99.455757  0.857894
272 272   23.934008   99.455757  0.912966
273 273   24.366225   99.455757  0.935460
274 274   24.799606   99.455757  0.962384
275 275   25.234171   99.455757  0.950400
276 276   25.669938   99.455757  0.944269
277 277   26.106927   99.455757  0.931450
278 278   26.545155   99.455757  0.925880
279 279   26.984643   99.455757  0.901460
280 280   27.425408   99.455757  0.902646
281 281   27.867470   99.455757  0.875826
282 282   28.310846   99.455757  0.887764
283 283   28.755556   99.455757  0.883559
284 284   29.201619   99.455757  0.370566
285 285   29.649052   99.455757  0.000000
286 286   23.527121   99.050016  0.783093
287 287   23.958528   99.050016  0.872836
288 288   24.391076   99.050016  0.912099
289 289   24.824784   99.050016  0.935371
290 290   25.259671   99.050016  0.929829
291 291   25.695755   99.050016  0.880721
292 292   26.133056   99.050016  0.850057
293 293   26.571591   99.050016  0.872088
294 294   27.011380   99.050016  0.880917
295 295   27.452441   99.050016  0.889951
296 296   27.894792   99.050016  0.883569
297 297   28.338454   99.050016  0.880840
298 298   28.783443   99.050016  0.861366
299 299   29.229778   99.050016  0.308900
300 300   29.677478   99.050016  0.000000
301 301   23.550219   98.644713  0.162332
302 302   23.981947   98.644713  0.749071
303 303   24.414812   98.644713  0.897815
304 304   24.848832   98.644713  0.905994
305 305   25.284026   98.644713  0.869424
306 306   25.720413   98.644713  0.622345
307 307   26.158011   98.644713  0.305567
308 308   26.596839   98.644713  0.296397
309 309   27.036915   98.644713  0.396074
310 310   27.478258   98.644713  0.533153
311 311   27.920887   98.644713  0.794863
312 312   28.364819   98.644713  0.715189
313 313   28.810074   98.644713  0.774505
314 314   29.256670   98.644713  0.060029
315 315   23.572238   98.239830  0.053143
316 316   24.004272   98.239830  0.549474
317 317   24.437438   98.239830  0.734323
318 318   24.871755   98.239830  0.740893
319 319   25.307241   98.239830  0.451764
320 320   25.743916   98.239830  0.091445
321 321   26.181797   98.239830  0.060345
322 322   26.620903   98.239830  0.036095
323 323   27.061253   98.239830  0.041214
324 324   27.502865   98.239830  0.168287
325 325   27.945757   98.239830  0.109939
326 326   28.389948   98.239830  0.000504
327 327   28.835456   98.239830  0.000676
328 328   29.282299   98.239830  0.000000
