  1   1   23.298208  106.856059  0.286372
  2   2   23.721712  106.856059  0.753069
  3   3   24.146500  106.856059  0.817253
  4   4   24.572594  106.856059  0.786829
  5   5   25.000016  106.856059  0.755853
  6   6   25.428787  106.856059  0.700734
  7   7   25.858928  106.856059  0.684784
  8   8   26.290462  106.856059  0.691446
  9   9   26.723411  106.856059  0.790388
 10  10   27.157795  106.856059  0.860764
 11  11   27.593637  106.856059  0.908599
 12  12   28.030958  106.856059  0.925388
 13  13   28.469780  106.856059  0.921426
 14  14   28.910124  106.856059  0.870743
 15  15   29.352013  106.856059  0.178975
 16  16   23.343529  106.439136  0.817635
 17  17   23.767661  106.439136  0.896523
 18  18   24.193070  106.439136  0.930864
 19  19   24.619775  106.439136  0.938992
 20  20   25.047800  106.439136  0.938572
 21  21   25.477165  106.439136  0.940809
 22  22   25.907891  106.439136  0.931578
 23  23   26.340001  106.439136  0.931302
 24  24   26.773516  106.439136  0.933755
 25  25   27.208457  106.439136  0.961793
 26  26   27.644846  106.439136  0.975732
 27  27   28.082704  106.439136  0.975774
 28  28   28.522052  106.439136  0.969027
 29  29   28.962913  106.439136  0.932063
 30  30   29.405307  106.439136  0.141019
 31  31   23.387635  106.022997  0.842681
 32  32   23.812377  106.022997  0.923209
 33  33   24.238388  106.022997  0.958071
 34  34   24.665687  106.022997  0.964193
 35  35   25.094297  106.022997  0.963775
 36  36   25.524239  106.022997  0.962696
 37  37   25.955534  106.022997  0.947991
 38  38   26.388203  106.022997  0.943193
 39  39   26.822268  106.022997  0.965991
 40  40   27.257749  106.022997  0.979675
 41  41   27.694669  106.022997  0.981868
 42  42   28.133048  106.022997  0.982735
 43  43   28.572907  106.022997  0.973582
 44  44   29.014269  106.022997  0.930966
 45  45   29.457153  106.022997  0.127305
 46  46   23.430533  105.607622  0.875570
 47  47   23.855868  105.607622  0.945565
 48  48   24.282463  105.607622  0.968958
 49  49   24.710339  105.607622  0.973524
 50  50   25.139518  105.607622  0.972694
 51  51   25.570019  105.607622  0.967446
 52  52   26.001866  105.607622  0.960967
 53  53   26.435077  105.607622  0.964494
 54  54   26.869676  105.607622  0.977589
 55  55   27.305681  105.607622  0.982552
 56  56   27.743116  105.607622  0.983750
 57  57   28.182000  105.607622  0.982933
 58  58   28.622355  105.607622  0.975987
 59  59   29.064202  105.607622  0.912420
 60  60   29.507562  105.607622  0.021673
 61  61   23.472231  105.192992  0.905621
 62  62   23.898141  105.192992  0.963879
 63  63   24.325303  105.192992  0.975945
 64  64   24.753739  105.192992  0.978059
 65  65   25.183469  105.192992  0.975163
 66  66   25.614514  105.192992  0.972900
 67  67   26.046895  105.192992  0.971844
 68  68   26.480633  105.192992  0.975819
 69  69   26.915749  105.192992  0.982301
 70  70   27.352263  105.192992  0.984853
 71  71   27.790197  105.192992  0.986148
 72  72   28.229571  105.192992  0.982599
 73  73   28.670406  105.192992  0.965881
 74  74   29.112723  105.192992  0.842065
 75  75   29.556543  105.192992  0.001286
 76  76   23.512737  104.779089  0.923799
 77  77   23.939205  104.779089  0.973145
 78  78   24.366917  104.779089  0.981222
 79  79   24.795896  104.779089  0.982250
 80  80   25.226161  104.779089  0.980173
 81  81   25.657732  104.779089  0.981063
 82  82   26.090632  104.779089  0.983084
 83  83   26.524880  104.779089  0.983974
 84  84   26.960497  104.779089  0.986028
 85  85   27.397504  104.779089  0.987465
 86  86   27.835921  104.779089  0.986578
 87  87   28.275770  104.779089  0.977415
 88  88   28.717070  104.779089  0.941158
 89  89   29.159843  104.779089  0.420600
 90  90   29.604109  104.779089  0.000001
 91  91   23.552059  104.365893  0.940431
 92  92   23.979067  104.365893  0.979271
 93  93   24.407313  104.365893  0.985504
 94  94   24.836817  104.365893  0.986432
 95  95   25.267600  104.365893  0.987429
 96  96   25.699682  104.365893  0.987541
 97  97   26.133084  104.365893  0.988270
 98  98   26.567826  104.365893  0.987712
 99  99   27.003929  104.365893  0.988242
100 100   27.441413  104.365893  0.987802
101 101   27.880299  104.365893  0.979739
102 102   28.320607  104.365893  0.951068
103 103   28.762358  104.365893  0.761013
104 104   29.205572  104.365893  0.198766
105 105   29.650269  104.365893  0.000000
106 106   23.590203  103.953384  0.956786
107 107   24.017735  103.953384  0.984039
108 108   24.446498  103.953384  0.988750
109 109   24.876511  103.953384  0.989954
110 110   25.307796  103.953384  0.991140
111 111   25.740372  103.953384  0.990819
112 112   26.174260  103.953384  0.990202
113 113   26.609481  103.953384  0.989408
114 114   27.046054  103.953384  0.988163
115 115   27.484000  103.953384  0.985163
116 116   27.923339  103.953384  0.978087
117 117   28.364091  103.953384  0.920206
118 118   28.806278  103.953384  0.439149
119 119   29.249919  103.953384  0.133001
120 120   29.695033  103.953384  0.000000
121 121   23.200343  103.541546  0.821535
122 122   23.627178  103.541546  0.977102
123 123   24.055217  103.541546  0.987262
124 124   24.484479  103.541546  0.990694
125 125   24.914986  103.541546  0.991735
126 126   25.346756  103.541546  0.992251
127 127   25.779810  103.541546  0.991033
128 128   26.214169  103.541546  0.989800
129 129   26.649852  103.541546  0.988098
130 130   27.086880  103.541546  0.986392
131 131   27.525272  103.541546  0.984197
132 132   27.965050  103.541546  0.968555
133 133   28.406232  103.541546  0.764407
134 134   28.848840  103.541546  0.337351
135 135   29.292893  103.541546  0.099729
136 136   23.235658  103.130357  0.944308
137 137   23.662990  103.130357  0.983725
138 138   24.091519  103.130357  0.989180
139 139   24.521265  103.130357  0.991426
140 140   24.952247  103.130357  0.992307
141 141   25.384487  103.130357  0.991350
142 142   25.818004  103.130357  0.990028
143 143   26.252817  103.130357  0.989079
144 144   26.688947  103.130357  0.985876
145 145   27.126415  103.130357  0.980199
146 146   27.565239  103.130357  0.962598
147 147   28.005440  103.130357  0.879977
148 148   28.447038  103.130357  0.515356
149 149   28.890053  103.130357  0.281808
150 150   29.334505  103.130357  0.073070
151 151   23.269833  102.719799  0.962501
152 152   23.697645  102.719799  0.986630
153 153   24.126648  102.719799  0.990571
154 154   24.556861  102.719799  0.992045
155 155   24.988304  102.719799  0.992109
156 156   25.420997  102.719799  0.991727
157 157   25.854961  102.719799  0.989370
158 158   26.290213  102.719799  0.984579
159 159   26.726776  102.719799  0.973348
160 160   27.164668  102.719799  0.951255
161 161   27.603909  102.719799  0.908647
162 162   28.044519  102.719799  0.740092
163 163   28.486518  102.719799  0.462370
164 164   28.929926  102.719799  0.237738
165 165   29.374762  102.719799  0.051246
166 166   23.302875  102.309854  0.967311
167 167   23.731151  102.309854  0.987026
168 168   24.160611  102.309854  0.990847
169 169   24.591275  102.309854  0.991872
170 170   25.023163  102.309854  0.992239
171 171   25.456294  102.309854  0.991394
172 172   25.890688  102.309854  0.988972
173 173   26.326365  102.309854  0.982128
174 174   26.763344  102.309854  0.972414
175 175   27.201646  102.309854  0.956334
176 176   27.641289  102.309854  0.915327
177 177   28.082294  102.309854  0.787233
178 178   28.524680  102.309854  0.691245
179 179   28.968467  102.309854  0.215938
180 180   29.413674  102.309854  0.035057
181 181   23.334790  101.900501  0.969445
182 182   23.763514  101.900501  0.987398
183 183   24.193415  101.900501  0.991039
184 184   24.624514  101.900501  0.992003
185 185   25.056830  101.900501  0.991976
186 186   25.490384  101.900501  0.990937
187 187   25.925193  101.900501  0.987750
188 188   26.361279  101.900501  0.983495
189 189   26.798661  101.900501  0.979171
190 190   27.237357  101.900501  0.971768
191 191   27.677388  101.900501  0.959055
192 192   28.118774  101.900501  0.910299
193 193   28.561532  101.900501  0.898303
194 194   29.005684  101.900501  0.210611
195 195   29.451249  101.900501  0.017283
196 196   23.365585  101.491722  0.971881
197 197   23.794739  101.491722  0.988733
198 198   24.225066  101.491722  0.991317
199 199   24.656584  101.491722  0.991742
200 200   25.089313  101.491722  0.992077
201 201   25.523273  101.491722  0.990984
202 202   25.958483  101.491722  0.989626
203 203   26.394963  101.491722  0.985799
204 204   26.832732  101.491722  0.982697
205 205   27.271809  101.491722  0.980511
206 206   27.712213  101.491722  0.977693
207 207   28.153965  101.491722  0.967279
208 208   28.597083  101.491722  0.780952
209 209   29.041586  101.491722  0.191787
210 210   29.487495  101.491722  0.005877
211 211   23.395264  101.083497  0.969876
212 212   23.824833  101.083497  0.988404
213 213   24.255569  101.083497  0.990490
214 214   24.687491  101.083497  0.991973
215 215   25.120618  101.083497  0.992676
216 216   25.554969  101.083497  0.992304
217 217   25.990565  101.083497  0.990432
218 218   26.427423  101.083497  0.987531
219 219   26.865564  101.083497  0.986957
220 220   27.305007  101.083497  0.984548
221 221   27.745771  101.083497  0.976173
222 222   28.187875  101.083497  0.955004
223 223   28.631338  101.083497  0.813163
224 224   29.076180  101.083497  0.220866
225 225   29.522419  101.083497  0.000506
226 226   23.423833  100.675807  0.967129
227 227   23.853802  100.675807  0.987121
228 228   24.284931  100.675807  0.990770
229 229   24.717241  100.675807  0.992628
230 230   25.150750  100.675807  0.993401
231 231   25.585478  100.675807  0.992790
232 232   26.021444  100.675807  0.990924
233 233   26.458666  100.675807  0.989315
234 234   26.897166  100.675807  0.989448
235 235   27.336960  100.675807  0.987129
236 236   27.778069  100.675807  0.983045
237 237   28.220512  100.675807  0.966404
238 238   28.664306  100.675807  0.855173
239 239   29.109473  100.675807  0.438011
240 240   29.556030  100.675807  0.000000
241 241   23.451299  100.268634  0.962458
242 242   23.881650  100.268634  0.985404
243 243   24.313157  100.268634  0.989602
244 244   24.745839  100.268634  0.991716
245 245   25.179715  100.268634  0.992894
246 246   25.614805  100.268634  0.992611
247 247   26.051126  100.268634  0.991815
248 248   26.488699  100.268634  0.991009
249 249   26.927542  100.268634  0.990549
250 250   27.367674  100.268634  0.988511
251 251   27.809114  100.268634  0.981864
252 252   28.251881  100.268634  0.968568
253 253   28.695994  100.268634  0.918873
254 254   29.141473  100.268634  0.576455
255 255   29.588335  100.268634  0.000000
256 256   23.477665   99.861957  0.961923
257 257   23.908384   99.861957  0.984482
258 258   24.340253   99.861957  0.989125
259 259   24.773293   99.861957  0.991258
260 260   25.207521   99.861957  0.992213
261 261   25.642956   99.861957  0.991737
262 262   26.079619   99.861957  0.990502
263 263   26.517526   99.861957  0.990500
264 264   26.956699   99.861957  0.989548
265 265   27.397154   99.861957  0.985123
266 266   27.838912   99.861957  0.976461
267 267   28.281991   99.861957  0.959134
268 268   28.726409   99.861957  0.902552
269 269   29.172186   99.861957  0.340216
270 270   29.619340   99.861957  0.000000
271 271   23.502937   99.455757  0.943336
272 272   23.934008   99.455757  0.975383
273 273   24.366225   99.455757  0.983182
274 274   24.799606   99.455757  0.989131
275 275   25.234171   99.455757  0.989913
276 276   25.669938   99.455757  0.988366
277 277   26.106927   99.455757  0.986996
278 278   26.545155   99.455757  0.988177
279 279   26.984643   99.455757  0.985107
280 280   27.425408   99.455757  0.980150
281 281   27.867470   99.455757  0.969518
282 282   28.310846   99.455757  0.957523
283 283   28.755556   99.455757  0.942311
284 284   29.201619   99.455757  0.453075
285 285   29.649052   99.455757  0.000000
286 286   23.527121   99.050016  0.911717
287 287   23.958528   99.050016  0.967370
288 288   24.391076   99.050016  0.980721
289 289   24.824784   99.050016  0.986490
290 290   25.259671   99.050016  0.984661
291 291   25.695755   99.050016  0.979080
292 292   26.133056   99.050016  0.971986
293 293   26.571591   99.050016  0.974733
294 294   27.011380   99.050016  0.972111
295 295   27.452441   99.050016  0.966613
296 296   27.894792   99.050016  0.956608
297 297   28.338454   99.050016  0.942990
298 298   28.783443   99.050016  0.916212
299 299   29.229778   99.050016  0.286734
300 300   29.677478   99.050016  0.000000
301 301   23.550219   98.644713  0.676914
302 302   23.981947   98.644713  0.903565
303 303   24.414812   98.644713  0.968058
304 304   24.848832   98.644713  0.978232
305 305   25.284026   98.644713  0.970733
306 306   25.720413   98.644713  0.944970
307 307   26.158011   98.644713  0.888522
308 308   26.596839   98.644713  0.836567
309 309   27.036915   98.644713  0.805039
310 310   27.478258   98.644713  0.829497
311 311   27.920887   98.644713  0.893334
312 312   28.364819   98.644713  0.876202
313 313   28.810074   98.644713  0.855138
314 314   29.256670   98.644713  0.065296
315 315   23.572238   98.239830  0.198050
316 316   24.004272   98.239830  0.713609
317 317   24.437438   98.239830  0.896746
318 318   24.871755   98.239830  0.933702
319 319   25.307241   98.239830  0.907283
320 320   25.743916   98.239830  0.802389
321 321   26.181797   98.239830  0.692715
322 322   26.620903   98.239830  0.486134
323 323   27.061253   98.239830  0.425521
324 324   27.502865   98.239830  0.639207
325 325   27.945757   98.239830  0.347654
326 326   28.389948   98.239830  0.023188
327 327   28.835456   98.239830  0.003188
328 328   29.282299   98.239830  0.000000
