c
23.4000 101.2000
23.4000 101.6000
23.4000 102.0000
23.4000 102.4000
23.4000 102.8000
23.4000 103.2000
23.4000 106.0000
23.4000 106.4000
23.4000 106.8000
23.8000 98.4000
23.8000 98.8000
23.8000 99.2000
23.8000 99.6000
23.8000 100.0000
23.8000 100.4000
23.8000 100.8000
23.8000 101.2000
23.8000 101.6000
23.8000 102.0000
23.8000 102.4000
23.8000 102.8000
23.8000 103.2000
23.8000 103.6000
23.8000 104.0000
23.8000 104.4000
23.8000 104.8000
23.8000 105.2000
23.8000 105.6000
23.8000 106.0000
23.8000 106.4000
23.8000 106.8000
24.2000 98.4000
24.2000 98.8000
24.2000 99.2000
24.2000 99.6000
24.2000 100.0000
24.2000 100.4000
24.2000 100.8000
24.2000 101.2000
24.2000 101.6000
24.2000 102.0000
24.2000 102.4000
24.2000 102.8000
24.2000 103.2000
24.2000 103.6000
24.2000 104.0000
24.2000 104.4000
24.2000 104.8000
24.2000 105.2000
24.2000 105.6000
24.2000 106.0000
24.2000 106.4000
24.2000 106.8000
24.6000 98.4000
24.6000 98.8000
24.6000 99.2000
24.6000 99.6000
24.6000 100.0000
24.6000 100.4000
24.6000 100.8000
24.6000 101.2000
24.6000 101.6000
24.6000 102.0000
24.6000 102.4000
24.6000 102.8000
24.6000 103.2000
24.6000 103.6000
24.6000 104.0000
24.6000 104.4000
24.6000 104.8000
24.6000 105.2000
24.6000 105.6000
24.6000 106.0000
24.6000 106.4000
24.6000 106.8000
25.0000 98.4000
25.0000 98.8000
25.0000 99.2000
25.0000 99.6000
25.0000 100.0000
25.0000 100.4000
25.0000 100.8000
25.0000 101.2000
25.0000 101.6000
25.0000 102.0000
25.0000 102.4000
25.0000 102.8000
25.0000 103.2000
25.0000 103.6000
25.0000 104.0000
25.0000 104.4000
25.0000 104.8000
25.0000 105.2000
25.0000 105.6000
25.0000 106.0000
25.0000 106.4000
25.0000 106.8000
25.4000 98.4000
25.4000 98.8000
25.4000 99.2000
25.4000 99.6000
25.4000 100.0000
25.4000 100.4000
25.4000 100.8000
25.4000 101.2000
25.4000 101.6000
25.4000 102.0000
25.4000 102.4000
25.4000 102.8000
25.4000 103.2000
25.4000 103.6000
25.4000 104.0000
25.4000 104.4000
25.4000 104.8000
25.4000 105.2000
25.4000 105.6000
25.4000 106.0000
25.4000 106.4000
25.4000 106.8000
25.8000 98.4000
25.8000 98.8000
25.8000 99.2000
25.8000 99.6000
25.8000 100.0000
25.8000 100.4000
25.8000 100.8000
25.8000 101.2000
25.8000 101.6000
25.8000 102.0000
25.8000 102.4000
25.8000 102.8000
25.8000 103.2000
25.8000 103.6000
25.8000 104.0000
25.8000 104.4000
25.8000 104.8000
25.8000 105.2000
25.8000 105.6000
25.8000 106.0000
25.8000 106.4000
25.8000 106.8000
26.2000 98.4000
26.2000 98.8000
26.2000 99.2000
26.2000 99.6000
26.2000 100.0000
26.2000 100.4000
26.2000 100.8000
26.2000 101.2000
26.2000 101.6000
26.2000 102.0000
26.2000 102.4000
26.2000 102.8000
26.2000 103.2000
26.2000 103.6000
26.2000 104.0000
26.2000 104.4000
26.2000 104.8000
26.2000 105.2000
26.2000 105.6000
26.2000 106.0000
26.2000 106.4000
26.2000 106.8000
26.6000 98.4000
26.6000 98.8000
26.6000 99.2000
26.6000 99.6000
26.6000 100.0000
26.6000 100.4000
26.6000 100.8000
26.6000 101.2000
26.6000 101.6000
26.6000 102.0000
26.6000 102.4000
26.6000 102.8000
26.6000 103.2000
26.6000 103.6000
26.6000 104.0000
26.6000 104.4000
26.6000 104.8000
26.6000 105.2000
26.6000 105.6000
26.6000 106.0000
26.6000 106.4000
26.6000 106.8000
27.0000 98.4000
27.0000 98.8000
27.0000 99.2000
27.0000 99.6000
27.0000 100.0000
27.0000 100.4000
27.0000 100.8000
27.0000 101.2000
27.0000 101.6000
27.0000 102.0000
27.0000 102.4000
27.0000 102.8000
27.0000 103.2000
27.0000 103.6000
27.0000 104.0000
27.0000 104.4000
27.0000 104.8000
27.0000 105.2000
27.0000 105.6000
27.0000 106.0000
27.0000 106.4000
27.0000 106.8000
27.4000 98.4000
27.4000 98.8000
27.4000 99.2000
27.4000 99.6000
27.4000 100.0000
27.4000 100.4000
27.4000 100.8000
27.4000 101.2000
27.4000 101.6000
27.4000 102.0000
27.4000 102.4000
27.4000 102.8000
27.4000 103.2000
27.4000 103.6000
27.4000 104.0000
27.4000 104.4000
27.4000 104.8000
27.4000 105.2000
27.4000 105.6000
27.4000 106.0000
27.4000 106.4000
27.4000 106.8000
27.8000 98.4000
27.8000 98.8000
27.8000 99.2000
27.8000 99.6000
27.8000 100.0000
27.8000 100.4000
27.8000 100.8000
27.8000 101.2000
27.8000 101.6000
27.8000 102.0000
27.8000 102.4000
27.8000 102.8000
27.8000 103.2000
27.8000 103.6000
27.8000 104.0000
27.8000 104.4000
27.8000 104.8000
27.8000 105.2000
27.8000 105.6000
27.8000 106.0000
27.8000 106.4000
27.8000 106.8000
28.2000 98.4000
28.2000 98.8000
28.2000 99.2000
28.2000 99.6000
28.2000 100.0000
28.2000 100.4000
28.2000 100.8000
28.2000 101.2000
28.2000 101.6000
28.2000 102.0000
28.2000 102.4000
28.2000 102.8000
28.2000 103.2000
28.2000 103.6000
28.2000 104.0000
28.2000 104.4000
28.2000 104.8000
28.2000 105.2000
28.2000 105.6000
28.2000 106.0000
28.2000 106.4000
28.2000 106.8000
28.6000 98.4000
28.6000 98.8000
28.6000 99.2000
28.6000 99.6000
28.6000 100.0000
28.6000 100.4000
28.6000 100.8000
28.6000 101.2000
28.6000 101.6000
28.6000 102.0000
28.6000 102.4000
28.6000 102.8000
28.6000 103.2000
28.6000 103.6000
28.6000 104.0000
28.6000 104.4000
28.6000 104.8000
28.6000 105.2000
28.6000 105.6000
28.6000 106.0000
28.6000 106.4000
28.6000 106.8000
29.0000 98.4000
29.0000 98.8000
29.0000 99.2000
29.0000 99.6000
29.0000 100.0000
29.0000 100.4000
29.0000 100.8000
29.0000 101.2000
29.0000 101.6000
29.0000 102.0000
29.0000 102.4000
29.0000 102.8000
29.0000 103.2000
29.0000 103.6000
29.0000 104.0000
29.0000 104.4000
29.0000 104.8000
29.0000 105.2000
29.0000 105.6000
29.0000 106.0000
29.0000 106.4000
29.0000 106.8000
29.4000 99.2000
29.4000 99.6000
29.4000 100.0000
29.4000 100.4000
29.4000 100.8000
29.4000 101.2000
29.4000 101.6000
29.4000 102.0000
29.4000 102.4000
29.4000 104.0000
29.4000 104.4000
29.4000 104.8000
29.4000 105.2000
29.4000 105.6000
29.4000 106.0000
29.4000 106.4000
